3.327695234298706062e+00
3.230243711471557422e+00
3.136898855590820379e+00
3.047893912506103309e+00
2.963274037933349536e+00
2.882330049133300598e+00
2.805280526351928927e+00
2.731207197952270516e+00
2.660732167434692208e+00
2.592480656051635801e+00
2.527408483886718571e+00
2.464155352020263479e+00
2.403013441467285016e+00
2.343957960891723591e+00
2.286300464630127038e+00
2.230300662994384897e+00
2.175429305267333913e+00
2.121921561431884928e+00
2.069263686752319309e+00
2.017882816314697347e+00
1.967188528251647917e+00
1.917347159004211488e+00
1.867967447662353564e+00
1.819534722328186138e+00
1.771535987854004013e+00
1.352365296959877061e-01
1.071485552430152949e-01
8.428650562763213838e-02
6.715773590803146564e-02
5.544916470050811896e-02
4.818581755161285146e-02
4.416249790787696999e-02
4.233998519778251618e-02
4.120765604376792901e-02
4.027697552442550954e-02
3.914380489587784145e-02
3.782280246019363579e-02
3.649855117201804972e-02
3.526270590424537832e-02
3.414432041645049792e-02
3.308674882054329219e-02
3.205652687251567962e-02
3.104943095445632933e-02
3.006866050660610135e-02
2.908234737813472637e-02
2.814641344547271634e-02
2.721481666266918273e-02
2.633037007153034292e-02
2.542660017907619543e-02
2.456472412347793580e-02
2.395663987100124515e-02
2.178360416889190548e-02
1.978132577836513514e-02
1.788941877186298393e-02
1.615614952594041781e-02
1.457131187915802067e-02
1.310197770893573727e-02
1.178866571038961371e-02
1.058135523200035011e-02
9.493657842278480433e-03
8.490961678326129636e-03
7.624750877916812615e-03
6.812753003835677820e-03
6.124148502945899603e-03
5.512103100121021684e-03
4.966130947321653437e-03
4.495366202294826495e-03
4.088495954871177937e-03
3.733170320466160617e-03
3.430343369394540758e-03
3.173169149085879482e-03
2.952446312829851930e-03
2.760942025482654785e-03
2.604885130375623851e-03
2.475653588026761800e-03
2.307633372955024409e-03
2.117976992577314324e-03
2.003991789370775014e-03
1.938110588677227457e-03
1.873427764326333986e-03
1.825816449150443038e-03
1.801835936680436234e-03
1.771546129323542038e-03
1.756744499877095200e-03
1.718750257417559716e-03
1.697995116747915692e-03
1.676482129655778490e-03
1.650975510850548767e-03
1.633068283461034265e-03
1.617449477873742500e-03
1.600388288125395835e-03
1.583838753588497550e-03
1.573836655914783540e-03
1.559938331507146466e-03
1.539831255376338968e-03
1.523836692236363918e-03
1.507936818338930559e-03
1.494029829651117355e-03
1.483427137322723775e-03
1.468301441892981606e-03
1.496525169536471302e-03
1.490649535320699151e-03
1.465453714877366963e-03
1.451580324210226432e-03
1.443426908552646569e-03
1.424452727288007692e-03
1.418487224914133501e-03
1.407883859612047740e-03
1.398919373936951052e-03
1.393032859824597800e-03
1.384207501076161828e-03
1.377863771840929933e-03
1.375221732445061238e-03
1.369001271575689353e-03
1.355694121681153821e-03
1.350125933811068598e-03
1.341927630268037333e-03
1.336517075262963787e-03
1.330270300246775075e-03
1.326796695962548320e-03
1.323104558512568519e-03
1.310660639964044165e-03
1.306301686167716993e-03
1.303782002627849618e-03
1.294706892780959689e-03
