1.368687641906738195e+00
1.290337059211730919e+00
1.214319467353820903e+00
1.140445783615112285e+00
1.068420848274231005e+00
9.986445086479186495e-01
9.311009111404419114e-01
8.659292654991149751e-01
8.028598102569579620e-01
7.423771780967712841e-01
6.839159008026123310e-01
6.279266963958740622e-01
5.745545801162719179e-01
5.234608645439148278e-01
4.751447534561157315e-01
4.294118005275726069e-01
3.871597069740295161e-01
3.475175539016723825e-01
3.114493891716003660e-01
2.785318945407867508e-01
2.489103780984878445e-01
2.224170827388763372e-01
1.998099538803100594e-01
1.798010342359542824e-01
1.627909057617187571e-01
1.339674574613571034e-01
1.061924503922462432e-01
8.375717511177062369e-02
6.684143055081367968e-02
5.537320030927658093e-02
4.824589495658874322e-02
4.441534190773963747e-02
4.251189110875129573e-02
4.156944348216056601e-02
4.062382860779762545e-02
3.951532067060470332e-02
3.823119956254959068e-02
3.692169083952903663e-02
3.571222384572029368e-02
3.459456998705864178e-02
3.353972569108009533e-02
3.253247991204261808e-02
3.151798067688942051e-02
3.052442000508308328e-02
2.956431896090507341e-02
2.861630914211273080e-02
2.768087514638900917e-02
2.676586709916591728e-02
2.587731261849403330e-02
2.499314449131488647e-02
2.434950240254402098e-02
2.215881395637989137e-02
2.015967600345611524e-02
1.826951582431793342e-02
1.651030143946409165e-02
1.489496587365865717e-02
1.341436250954866453e-02
1.205104428976774139e-02
1.081895191669464060e-02
9.713288329541682614e-03
8.707055863738060245e-03
7.799872094392776810e-03
7.034559449553490044e-03
6.320290237665176711e-03
5.680656787008047347e-03
5.131692829728126681e-03
4.668015258759259864e-03
4.249146617949009323e-03
3.892533675208687677e-03
3.587146806716918785e-03
3.323733759671449600e-03
3.100650124996900351e-03
2.912541040778160190e-03
2.752879268303513698e-03
2.617979151383042265e-03
2.555624232068657957e-03
2.381745874136686428e-03
2.259240184351802086e-03
2.160332948714494602e-03
2.087082370370626615e-03
2.035649469681084008e-03
1.985558072477579174e-03
1.948370116204023450e-03
1.915745933912694522e-03
1.882817439176142239e-03
1.859238881245255407e-03
1.849570856615901076e-03
1.816684680059552125e-03
1.781269829720258683e-03
1.763537317514419622e-03
1.736996438354253703e-03
1.718877625279128553e-03
1.708292199112474916e-03
1.700288431905210050e-03
1.687440177239477555e-03
1.664652900770306624e-03
1.646771452948451097e-03
1.631832685507834035e-03
1.629849831946194065e-03
1.606080045923590632e-03
1.600858726352453153e-03
1.574538965523242847e-03
1.559078273177146902e-03
1.554098289646208345e-03
1.535686681047081876e-03
1.530042762309312800e-03
1.515327287837863043e-03
1.513740991055965339e-03
1.498823236860334770e-03
1.496822424046695193e-03
1.488974771276116438e-03
1.482934930920600794e-03
1.467757269926369106e-03
1.456743899732828099e-03
1.440767232701182458e-03
1.433985660783946474e-03
1.425618928857147688e-03
1.416956350766122343e-03
1.412139541469514380e-03
1.407188135199248687e-03
1.398061577603221034e-03
1.396451516449451506e-03
1.386949728429317467e-03
1.380141048133373249e-03
1.377309782244264978e-03
