1.521730226135253883e+00
1.447079642868041915e+00
1.373324563789367625e+00
1.300879380607604885e+00
1.229959653663635244e+00
1.161363276481628404e+00
1.092813627243041985e+00
1.025869005584716831e+00
9.599552590370178384e-01
8.948039419174194098e-01
8.311263885498046955e-01
7.684963168144226531e-01
7.076180733680724755e-01
6.478744269371032871e-01
5.897610480308532743e-01
5.340170722961425920e-01
4.801262489318847693e-01
4.291116111755370888e-01
3.805413075923919641e-01
3.353925487995147448e-01
2.931988224983215208e-01
2.546712061405181915e-01
2.196501004457473705e-01
1.886065717697143485e-01
1.610042384147644112e-01
1.337698239922523458e-01
1.061067045569419887e-01
8.390934817790984823e-02
6.712299292683601704e-02
5.551157061457633740e-02
4.853536170125007793e-02
4.456022872328758294e-02
4.289499276280402812e-02
4.183779233694076560e-02
4.088104150891304356e-02
3.970240029692649608e-02
3.834211225509643467e-02
3.697795360088348277e-02
3.572131283879280417e-02
3.455338835716247753e-02
3.348463810086250297e-02
3.241713502407073816e-02
3.138974857926368767e-02
3.039040665328502505e-02
2.940149241685867387e-02
2.841826964616775419e-02
2.748253285884857261e-02
2.656033978760242303e-02
2.565431807637214706e-02
2.479143612980842445e-02
2.442059462964534661e-02
2.217375905513763526e-02
2.013236153721809432e-02
1.826098417937755541e-02
1.653221473991870957e-02
1.492919311374425913e-02
1.350112704187631657e-02
1.215935370624065398e-02
1.095267417132854415e-02
9.848863582313059986e-03
8.859453259408473641e-03
7.972452999651432476e-03
7.172297289967537182e-03
6.476374991983175310e-03
5.851078838109970322e-03
5.307438939809798820e-03
4.828710335493088118e-03
4.407212240248918611e-03
4.049790029600262506e-03
3.733418247103691308e-03
3.475744675099849516e-03
3.242172365263104247e-03
3.048648785054683744e-03
2.884856261312961599e-03
2.742267796769738350e-03
2.625620130822062335e-03
2.417589766532182716e-03
2.281263655051588880e-03
2.184901398047804730e-03
2.105587935447692741e-03
2.063177698105573589e-03
2.012200826406478852e-03
1.981765877828002044e-03
1.931144072674214826e-03
1.901185470819473367e-03
1.864591833949089117e-03
1.836519351415336065e-03
1.814750547520816402e-03
1.796058650873601443e-03
1.765416383743286183e-03
1.750457974709570402e-03
1.725144892558455384e-03
1.705853417515754622e-03
1.684028320759534776e-03
1.668532779440283715e-03
1.653458902053534961e-03
1.636426683142781346e-03
1.620460464619100137e-03
1.609255175665020915e-03
1.596987960860133228e-03
1.695653270371258242e-03
1.674260499514639402e-03
1.651224377006292252e-03
1.629934859089553385e-03
1.612212117016315494e-03
1.592642626538872666e-03
1.577911322191357562e-03
1.568832229077816000e-03
1.553686551190912660e-03
1.548769465461373408e-03
1.536979828774929059e-03
1.522025639936327871e-03
1.514617918245494401e-03
1.505992684327065985e-03
1.497636715136468379e-03
1.489589128829538764e-03
1.479682085104286641e-03
1.470392959006130637e-03
1.461768219619989304e-03
1.451947609148919547e-03
1.445803461596369697e-03
1.436999341286718940e-03
1.427775827795267063e-03
1.422596890293061642e-03
1.414250097051262785e-03
