-0.000029 0.004924 0.009874 0.014818 0.019753 0.024677 0.029585 0.034476 0.039345 0.044192 0.049011 0.053801 0.058559 0.063281 0.067965 0.072609 0.077208 0.081761 0.086265 0.090717 0.095114 0.099454 0.103734 0.107951 0.112104 0.116189 0.120203 0.124146 0.128014 0.131804 0.135516 0.139145 0.142691 0.146151 0.149523 0.152804 0.155994 0.159090 0.162090 0.164992 0.167795 0.170497 0.173096 0.175591 0.177980 0.180261 0.182435 0.184498 0.186450 0.188290 0.190017 0.191629 0.193125 0.194506 0.195769 0.196914 0.197941 0.198848 0.199635 0.200303 0.200849 0.201275 0.201580 0.201763 
0.004924 0.009874 0.014818 0.019753 0.024677 0.029585 0.034476 0.039345 0.044192 0.049011 0.053801 0.058559 0.063281 0.067965 0.072609 0.077208 0.081761 0.086265 0.090717 0.095114 0.099454 0.103734 0.107951 0.112104 0.116189 0.120203 0.124146 0.128014 0.131804 0.135516 0.139145 0.142691 0.146151 0.149523 0.152804 0.155994 0.159090 0.162090 0.164992 0.167795 0.170497 0.173096 0.175590 0.177979 0.180261 0.182435 0.184498 0.186450 0.188290 0.190017 0.191629 0.193125 0.194505 0.195769 0.196914 0.197940 0.198848 0.199635 0.200303 0.200849 0.201275 0.201579 0.201762 0.201824 
0.009874 0.014818 0.019753 0.024677 0.029585 0.034476 0.039345 0.044192 0.049011 0.053801 0.058559 0.063281 0.067965 0.072609 0.077208 0.081761 0.086265 0.090717 0.095114 0.099454 0.103734 0.107951 0.112104 0.116188 0.120203 0.124146 0.128014 0.131804 0.135516 0.139145 0.142691 0.146151 0.149523 0.152804 0.155994 0.159090 0.162090 0.164992 0.167795 0.170496 0.173096 0.175590 0.177979 0.180261 0.182434 0.184498 0.186450 0.188290 0.190016 0.191628 0.193125 0.194505 0.195768 0.196914 0.197940 0.198848 0.199635 0.200302 0.200849 0.201275 0.201579 0.201762 0.201824 0.201763 
0.014818 0.019753 0.024677 0.029585 0.034476 0.039345 0.044192 0.049011 0.053801 0.058559 0.063281 0.067965 0.072609 0.077208 0.081761 0.086265 0.090717 0.095114 0.099454 0.103734 0.107951 0.112104 0.116188 0.120203 0.124146 0.128014 0.131804 0.135515 0.139145 0.142691 0.146151 0.149522 0.152804 0.155994 0.159090 0.162089 0.164992 0.167795 0.170496 0.173095 0.175590 0.177979 0.180261 0.182434 0.184498 0.186450 0.188290 0.190016 0.191628 0.193125 0.194505 0.195768 0.196913 0.197940 0.198847 0.199635 0.200302 0.200849 0.201275 0.201579 0.201762 0.201823 0.201763 0.201582 
0.019753 0.024677 0.029585 0.034476 0.039345 0.044192 0.049011 0.053801 0.058559 0.063281 0.067965 0.072609 0.077208 0.081761 0.086265 0.090717 0.095114 0.099454 0.103734 0.107951 0.112104 0.116188 0.120203 0.124146 0.128014 0.131804 0.135515 0.139145 0.142691 0.146151 0.149522 0.152804 0.155994 0.159090 0.162089 0.164992 0.167794 0.170496 0.173095 0.175590 0.177979 0.180261 0.182434 0.184498 0.186450 0.188290 0.190016 0.191628 0.193125 0.194505 0.195768 0.196913 0.197940 0.198847 0.199635 0.200302 0.200849 0.201274 0.201579 0.201762 0.201823 0.201763 0.201581 0.201278 
0.024677 0.029585 0.034476 0.039345 0.044192 0.049011 0.053801 0.058559 0.063281 0.067965 0.072609 0.077208 0.081761 0.086265 0.090717 0.095114 0.099454 0.103734 0.107951 0.112104 0.116188 0.120203 0.124146 0.128014 0.131804 0.135515 0.139145 0.142691 0.146151 0.149522 0.152804 0.155994 0.159089 0.162089 0.164992 0.167794 0.170496 0.173095 0.175590 0.177979 0.180261 0.182434 0.184498 0.186450 0.188290 0.190016 0.191628 0.193125 0.194505 0.195768 0.196913 0.197940 0.198847 0.199635 0.200302 0.200849 0.201274 0.201579 0.201762 0.201823 0.201763 0.201581 0.201278 0.200854 
0.029585 0.034476 0.039345 0.044192 0.049011 0.053801 0.058559 0.063281 0.067965 0.072609 0.077208 0.081761 0.086265 0.090717 0.095114 0.099454 0.103734 0.107951 0.112104 0.116188 0.120203 0.124146 0.128014 0.131804 0.135515 0.139145 0.142691 0.146151 0.149522 0.152804 0.155994 0.159089 0.162089 0.164992 0.167794 0.170496 0.173095 0.175590 0.177979 0.180261 0.182434 0.184497 0.186450 0.188290 0.190016 0.191628 0.193125 0.194505 0.195768 0.196913 0.197940 0.198847 0.199634 0.200302 0.200848 0.201274 0.201578 0.201761 0.201823 0.201763 0.201581 0.201278 0.200854 0.200308 
0.034476 0.039345 0.044192 0.049011 0.053801 0.058559 0.063281 0.067965 0.072609 0.077208 0.081761 0.086265 0.090717 0.095114 0.099454 0.103734 0.107951 0.112103 0.116188 0.120203 0.124146 0.128014 0.131804 0.135515 0.139145 0.142691 0.146151 0.149522 0.152804 0.155994 0.159089 0.162089 0.164991 0.167794 0.170496 0.173095 0.175590 0.177979 0.180261 0.182434 0.184497 0.186450 0.188289 0.190016 0.191628 0.193124 0.194505 0.195768 0.196913 0.197939 0.198847 0.199634 0.200302 0.200848 0.201274 0.201578 0.201761 0.201823 0.201762 0.201581 0.201278 0.200853 0.200308 0.199642 
0.039345 0.044192 0.049011 0.053801 0.058559 0.063281 0.067965 0.072609 0.077208 0.081761 0.086265 0.090717 0.095114 0.099454 0.103734 0.107951 0.112103 0.116188 0.120203 0.124146 0.128014 0.131804 0.135515 0.139145 0.142691 0.146151 0.149522 0.152804 0.155994 0.159089 0.162089 0.164991 0.167794 0.170496 0.173095 0.175590 0.177979 0.180261 0.182434 0.184497 0.186449 0.188289 0.190016 0.191628 0.193124 0.194505 0.195768 0.196913 0.197939 0.198847 0.199634 0.200301 0.200848 0.201274 0.201578 0.201761 0.201822 0.201762 0.201581 0.201278 0.200853 0.200308 0.199642 0.198856 
0.044192 0.049011 0.053801 0.058559 0.063281 0.067965 0.072609 0.077208 0.081761 0.086265 0.090717 0.095114 0.099454 0.103734 0.107951 0.112103 0.116188 0.120203 0.124146 0.128014 0.131804 0.135515 0.139145 0.142691 0.146150 0.149522 0.152804 0.155994 0.159089 0.162089 0.164991 0.167794 0.170496 0.173095 0.175590 0.177979 0.180261 0.182434 0.184497 0.186449 0.188289 0.190016 0.191628 0.193124 0.194504 0.195768 0.196913 0.197939 0.198847 0.199634 0.200301 0.200848 0.201274 0.201578 0.201761 0.201822 0.201762 0.201580 0.201277 0.200853 0.200308 0.199642 0.198855 0.197949 
0.049011 0.053801 0.058559 0.063281 0.067965 0.072609 0.077208 0.081761 0.086265 0.090717 0.095114 0.099454 0.103734 0.107951 0.112103 0.116188 0.120203 0.124146 0.128013 0.131804 0.135515 0.139145 0.142691 0.146150 0.149522 0.152804 0.155994 0.159089 0.162089 0.164991 0.167794 0.170496 0.173095 0.175590 0.177979 0.180261 0.182434 0.184497 0.186449 0.188289 0.190016 0.191628 0.193124 0.194504 0.195767 0.196913 0.197939 0.198846 0.199634 0.200301 0.200848 0.201273 0.201578 0.201761 0.201822 0.201762 0.201580 0.201277 0.200853 0.200307 0.199641 0.198855 0.197949 0.196924 
0.053801 0.058559 0.063281 0.067965 0.072609 0.077208 0.081761 0.086265 0.090717 0.095114 0.099454 0.103734 0.107951 0.112103 0.116188 0.120203 0.124146 0.128013 0.131804 0.135515 0.139145 0.142691 0.146150 0.149522 0.152804 0.155994 0.159089 0.162089 0.164991 0.167794 0.170496 0.173095 0.175590 0.177979 0.180261 0.182434 0.184497 0.186449 0.188289 0.190016 0.191628 0.193124 0.194504 0.195767 0.196912 0.197939 0.198846 0.199634 0.200301 0.200848 0.201273 0.201578 0.201761 0.201822 0.201762 0.201580 0.201277 0.200853 0.200307 0.199641 0.198855 0.197949 0.196924 0.195780 
0.058559 0.063281 0.067965 0.072609 0.077208 0.081761 0.086265 0.090717 0.095114 0.099454 0.103734 0.107951 0.112103 0.116188 0.120203 0.124146 0.128013 0.131804 0.135515 0.139145 0.142691 0.146150 0.149522 0.152804 0.155994 0.159089 0.162089 0.164991 0.167794 0.170496 0.173095 0.175590 0.177979 0.180260 0.182434 0.184497 0.186449 0.188289 0.190015 0.191627 0.193124 0.194504 0.195767 0.196912 0.197939 0.198846 0.199634 0.200301 0.200848 0.201273 0.201577 0.201760 0.201822 0.201762 0.201580 0.201277 0.200852 0.200307 0.199641 0.198855 0.197949 0.196923 0.195779 0.194518 
0.063281 0.067965 0.072609 0.077208 0.081761 0.086265 0.090717 0.095114 0.099454 0.103734 0.107951 0.112103 0.116188 0.120203 0.124146 0.128013 0.131804 0.135515 0.139145 0.142691 0.146150 0.149522 0.152804 0.155994 0.159089 0.162089 0.164991 0.167794 0.170496 0.173095 0.175590 0.177979 0.180260 0.182434 0.184497 0.186449 0.188289 0.190015 0.191627 0.193124 0.194504 0.195767 0.196912 0.197939 0.198846 0.199634 0.200301 0.200847 0.201273 0.201577 0.201760 0.201822 0.201761 0.201580 0.201277 0.200852 0.200307 0.199641 0.198855 0.197948 0.196923 0.195779 0.194517 0.193138 
0.067965 0.072609 0.077208 0.081761 0.086265 0.090717 0.095114 0.099454 0.103734 0.107951 0.112103 0.116188 0.120203 0.124146 0.128013 0.131804 0.135515 0.139145 0.142691 0.146150 0.149522 0.152804 0.155993 0.159089 0.162089 0.164991 0.167794 0.170496 0.173095 0.175590 0.177979 0.180260 0.182434 0.184497 0.186449 0.188289 0.190015 0.191627 0.193124 0.194504 0.195767 0.196912 0.197939 0.198846 0.199633 0.200301 0.200847 0.201273 0.201577 0.201760 0.201822 0.201761 0.201580 0.201276 0.200852 0.200307 0.199641 0.198854 0.197948 0.196923 0.195779 0.194517 0.193138 0.191643 
0.072609 0.077208 0.081761 0.086265 0.090717 0.095114 0.099454 0.103734 0.107951 0.112103 0.116188 0.120203 0.124146 0.128013 0.131804 0.135515 0.139145 0.142691 0.146150 0.149522 0.152804 0.155993 0.159089 0.162089 0.164991 0.167794 0.170496 0.173095 0.175590 0.177979 0.180260 0.182434 0.184497 0.186449 0.188289 0.190015 0.191627 0.193124 0.194504 0.195767 0.196912 0.197939 0.198846 0.199633 0.200301 0.200847 0.201273 0.201577 0.201760 0.201821 0.201761 0.201580 0.201276 0.200852 0.200307 0.199641 0.198854 0.197948 0.196923 0.195779 0.194517 0.193138 0.191643 0.190032 
0.077208 0.081761 0.086265 0.090717 0.095114 0.099454 0.103734 0.107951 0.112103 0.116188 0.120203 0.124146 0.128013 0.131804 0.135515 0.139145 0.142691 0.146150 0.149522 0.152804 0.155993 0.159089 0.162089 0.164991 0.167794 0.170496 0.173095 0.175590 0.177979 0.180260 0.182433 0.184497 0.186449 0.188289 0.190015 0.191627 0.193124 0.194504 0.195767 0.196912 0.197939 0.198846 0.199633 0.200301 0.200847 0.201273 0.201577 0.201760 0.201821 0.201761 0.201579 0.201276 0.200852 0.200306 0.199640 0.198854 0.197948 0.196923 0.195779 0.194517 0.193138 0.191642 0.190032 0.188306 
0.081761 0.086265 0.090717 0.095114 0.099454 0.103734 0.107951 0.112103 0.116188 0.120203 0.124146 0.128013 0.131804 0.135515 0.139145 0.142691 0.146150 0.149522 0.152804 0.155993 0.159089 0.162089 0.164991 0.167794 0.170496 0.173095 0.175589 0.177978 0.180260 0.182433 0.184497 0.186449 0.188289 0.190015 0.191627 0.193124 0.194504 0.195767 0.196912 0.197938 0.198846 0.199633 0.200300 0.200847 0.201273 0.201577 0.201760 0.201821 0.201761 0.201579 0.201276 0.200852 0.200306 0.199640 0.198854 0.197948 0.196922 0.195779 0.194517 0.193138 0.191642 0.190031 0.188306 0.186467 
0.086265 0.090717 0.095114 0.099454 0.103734 0.107951 0.112104 0.116188 0.120203 0.124146 0.128013 0.131804 0.135515 0.139145 0.142691 0.146150 0.149522 0.152804 0.155993 0.159089 0.162089 0.164991 0.167794 0.170496 0.173095 0.175589 0.177978 0.180260 0.182433 0.184497 0.186449 0.188289 0.190015 0.191627 0.193124 0.194504 0.195767 0.196912 0.197938 0.198846 0.199633 0.200300 0.200847 0.201272 0.201577 0.201760 0.201821 0.201761 0.201579 0.201276 0.200852 0.200306 0.199640 0.198854 0.197948 0.196922 0.195778 0.194516 0.193137 0.191642 0.190031 0.188306 0.186467 0.184516 
0.090717 0.095114 0.099454 0.103734 0.107951 0.112104 0.116188 0.120203 0.124146 0.128014 0.131804 0.135515 0.139145 0.142691 0.146150 0.149522 0.152804 0.155993 0.159089 0.162089 0.164991 0.167794 0.170496 0.173095 0.175589 0.177978 0.180260 0.182433 0.184497 0.186449 0.188289 0.190015 0.191627 0.193124 0.194504 0.195767 0.196912 0.197938 0.198846 0.199633 0.200300 0.200847 0.201272 0.201577 0.201760 0.201821 0.201761 0.201579 0.201276 0.200851 0.200306 0.199640 0.198854 0.197948 0.196922 0.195778 0.194516 0.193137 0.191642 0.190031 0.188306 0.186467 0.184516 0.182454 
0.095114 0.099454 0.103734 0.107951 0.112104 0.116188 0.120203 0.124146 0.128014 0.131804 0.135515 0.139145 0.142691 0.146150 0.149522 0.152804 0.155993 0.159089 0.162089 0.164991 0.167794 0.170496 0.173095 0.175589 0.177978 0.180260 0.182433 0.184497 0.186449 0.188289 0.190015 0.191627 0.193124 0.194504 0.195767 0.196912 0.197938 0.198846 0.199633 0.200300 0.200847 0.201272 0.201577 0.201760 0.201821 0.201761 0.201579 0.201276 0.200851 0.200306 0.199640 0.198854 0.197947 0.196922 0.195778 0.194516 0.193137 0.191642 0.190031 0.188305 0.186467 0.184516 0.182453 0.180281 
0.099454 0.103734 0.107951 0.112104 0.116188 0.120203 0.124146 0.128014 0.131804 0.135515 0.139145 0.142691 0.146150 0.149522 0.152804 0.155993 0.159089 0.162089 0.164991 0.167794 0.170496 0.173095 0.175589 0.177978 0.180260 0.182433 0.184497 0.186449 0.188289 0.190015 0.191627 0.193124 0.194504 0.195767 0.196912 0.197938 0.198845 0.199633 0.200300 0.200847 0.201272 0.201577 0.201759 0.201821 0.201761 0.201579 0.201276 0.200851 0.200306 0.199640 0.198853 0.197947 0.196922 0.195778 0.194516 0.193137 0.191642 0.190031 0.188305 0.186467 0.184515 0.182453 0.180281 0.178000 
0.103734 0.107951 0.112104 0.116188 0.120203 0.124146 0.128014 0.131804 0.135515 0.139145 0.142691 0.146150 0.149522 0.152804 0.155993 0.159089 0.162089 0.164991 0.167794 0.170496 0.173095 0.175589 0.177978 0.180260 0.182433 0.184497 0.186449 0.188289 0.190015 0.191627 0.193123 0.194504 0.195767 0.196912 0.197938 0.198845 0.199633 0.200300 0.200847 0.201272 0.201577 0.201759 0.201821 0.201761 0.201579 0.201276 0.200851 0.200306 0.199640 0.198853 0.197947 0.196922 0.195778 0.194516 0.193137 0.191641 0.190030 0.188305 0.186466 0.184515 0.182453 0.180281 0.178000 0.175612 
0.107951 0.112104 0.116188 0.120203 0.124146 0.128014 0.131804 0.135515 0.139145 0.142691 0.146150 0.149522 0.152804 0.155994 0.159089 0.162089 0.164991 0.167794 0.170496 0.173095 0.175589 0.177978 0.180260 0.182433 0.184497 0.186449 0.188289 0.190015 0.191627 0.193123 0.194504 0.195767 0.196912 0.197938 0.198845 0.199633 0.200300 0.200847 0.201272 0.201576 0.201759 0.201821 0.201760 0.201579 0.201275 0.200851 0.200306 0.199640 0.198853 0.197947 0.196922 0.195778 0.194516 0.193137 0.191641 0.190030 0.188305 0.186466 0.184515 0.182453 0.180281 0.178000 0.175612 0.173118 
0.112104 0.116189 0.120203 0.124146 0.128014 0.131804 0.135515 0.139145 0.142691 0.146150 0.149522 0.152804 0.155994 0.159089 0.162089 0.164991 0.167794 0.170496 0.173095 0.175589 0.177978 0.180260 0.182433 0.184497 0.186449 0.188289 0.190015 0.191627 0.193123 0.194504 0.195767 0.196912 0.197938 0.198845 0.199633 0.200300 0.200847 0.201272 0.201576 0.201759 0.201821 0.201760 0.201579 0.201275 0.200851 0.200306 0.199639 0.198853 0.197947 0.196922 0.195778 0.194516 0.193137 0.191641 0.190030 0.188305 0.186466 0.184515 0.182453 0.180281 0.178000 0.175612 0.173118 0.170520 
0.116189 0.120203 0.124146 0.128014 0.131804 0.135515 0.139145 0.142691 0.146151 0.149522 0.152804 0.155994 0.159089 0.162089 0.164991 0.167794 0.170496 0.173095 0.175589 0.177978 0.180260 0.182433 0.184497 0.186449 0.188289 0.190015 0.191627 0.193123 0.194504 0.195767 0.196912 0.197938 0.198845 0.199633 0.200300 0.200847 0.201272 0.201576 0.201759 0.201821 0.201760 0.201579 0.201275 0.200851 0.200305 0.199639 0.198853 0.197947 0.196921 0.195777 0.194516 0.193136 0.191641 0.190030 0.188305 0.186466 0.184515 0.182453 0.180280 0.178000 0.175612 0.173118 0.170520 0.167819 
0.120203 0.124146 0.128014 0.131804 0.135515 0.139145 0.142691 0.146151 0.149522 0.152804 0.155994 0.159089 0.162089 0.164991 0.167794 0.170496 0.173095 0.175589 0.177978 0.180260 0.182433 0.184497 0.186449 0.188289 0.190015 0.191627 0.193123 0.194504 0.195767 0.196912 0.197938 0.198845 0.199633 0.200300 0.200846 0.201272 0.201576 0.201759 0.201821 0.201760 0.201578 0.201275 0.200851 0.200305 0.199639 0.198853 0.197947 0.196921 0.195777 0.194515 0.193136 0.191641 0.190030 0.188305 0.186466 0.184515 0.182452 0.180280 0.177999 0.175611 0.173118 0.170520 0.167819 0.165017 
0.124146 0.128014 0.131804 0.135515 0.139145 0.142691 0.146151 0.149522 0.152804 0.155994 0.159089 0.162089 0.164991 0.167794 0.170496 0.173095 0.175590 0.177978 0.180260 0.182433 0.184497 0.186449 0.188289 0.190015 0.191627 0.193123 0.194504 0.195767 0.196912 0.197938 0.198845 0.199633 0.200300 0.200846 0.201272 0.201576 0.201759 0.201820 0.201760 0.201578 0.201275 0.200851 0.200305 0.199639 0.198853 0.197947 0.196921 0.195777 0.194515 0.193136 0.191641 0.190030 0.188304 0.186466 0.184515 0.182452 0.180280 0.177999 0.175611 0.173118 0.170519 0.167819 0.165017 0.162115 
0.128014 0.131804 0.135516 0.139145 0.142691 0.146151 0.149522 0.152804 0.155994 0.159089 0.162089 0.164991 0.167794 0.170496 0.173095 0.175590 0.177979 0.180260 0.182433 0.184497 0.186449 0.188289 0.190015 0.191627 0.193123 0.194504 0.195767 0.196912 0.197938 0.198845 0.199633 0.200300 0.200846 0.201272 0.201576 0.201759 0.201820 0.201760 0.201578 0.201275 0.200851 0.200305 0.199639 0.198853 0.197947 0.196921 0.195777 0.194515 0.193136 0.191641 0.190030 0.188304 0.186466 0.184514 0.182452 0.180280 0.177999 0.175611 0.173117 0.170519 0.167818 0.165017 0.162115 0.159116 
0.131804 0.135516 0.139145 0.142691 0.146151 0.149522 0.152804 0.155994 0.159089 0.162089 0.164991 0.167794 0.170496 0.173095 0.175590 0.177979 0.180260 0.182433 0.184497 0.186449 0.188289 0.190015 0.191627 0.193123 0.194504 0.195767 0.196912 0.197938 0.198845 0.199633 0.200300 0.200846 0.201272 0.201576 0.201759 0.201820 0.201760 0.201578 0.201275 0.200851 0.200305 0.199639 0.198853 0.197947 0.196921 0.195777 0.194515 0.193136 0.191641 0.190030 0.188304 0.186465 0.184514 0.182452 0.180280 0.177999 0.175611 0.173117 0.170519 0.167818 0.165016 0.162115 0.159116 0.156021 
0.135516 0.139145 0.142691 0.146151 0.149522 0.152804 0.155994 0.159089 0.162089 0.164991 0.167794 0.170496 0.173095 0.175590 0.177979 0.180260 0.182433 0.184497 0.186449 0.188289 0.190015 0.191627 0.193123 0.194504 0.195767 0.196912 0.197938 0.198845 0.199633 0.200300 0.200846 0.201272 0.201576 0.201759 0.201820 0.201760 0.201578 0.201275 0.200851 0.200305 0.199639 0.198853 0.197947 0.196921 0.195777 0.194515 0.193136 0.191641 0.190030 0.188304 0.186465 0.184514 0.182452 0.180280 0.177999 0.175611 0.173117 0.170519 0.167818 0.165016 0.162115 0.159116 0.156021 0.152832 
0.139145 0.142691 0.146151 0.149522 0.152804 0.155994 0.159089 0.162089 0.164991 0.167794 0.170496 0.173095 0.175590 0.177979 0.180260 0.182434 0.184497 0.186449 0.188289 0.190015 0.191627 0.193124 0.194504 0.195767 0.196912 0.197938 0.198845 0.199633 0.200300 0.200846 0.201272 0.201576 0.201759 0.201820 0.201760 0.201578 0.201275 0.200851 0.200305 0.199639 0.198853 0.197946 0.196921 0.195777 0.194515 0.193136 0.191640 0.190030 0.188304 0.186465 0.184514 0.182452 0.180280 0.177999 0.175611 0.173117 0.170519 0.167818 0.165016 0.162115 0.159116 0.156021 0.152832 0.149551 
0.142691 0.146151 0.149523 0.152804 0.155994 0.159089 0.162089 0.164991 0.167794 0.170496 0.173095 0.175590 0.177979 0.180260 0.182434 0.184497 0.186449 0.188289 0.190015 0.191627 0.193124 0.194504 0.195767 0.196912 0.197938 0.198845 0.199633 0.200300 0.200846 0.201272 0.201576 0.201759 0.201820 0.201760 0.201578 0.201275 0.200851 0.200305 0.199639 0.198853 0.197946 0.196921 0.195777 0.194515 0.193136 0.191640 0.190029 0.188304 0.186465 0.184514 0.182452 0.180280 0.177999 0.175611 0.173117 0.170519 0.167818 0.165016 0.162115 0.159116 0.156021 0.152832 0.149551 0.146180 
0.146151 0.149523 0.152804 0.155994 0.159090 0.162089 0.164992 0.167794 0.170496 0.173095 0.175590 0.177979 0.180260 0.182434 0.184497 0.186449 0.188289 0.190015 0.191627 0.193124 0.194504 0.195767 0.196912 0.197938 0.198845 0.199633 0.200300 0.200846 0.201272 0.201576 0.201759 0.201820 0.201760 0.201578 0.201275 0.200851 0.200305 0.199639 0.198853 0.197946 0.196921 0.195777 0.194515 0.193136 0.191640 0.190029 0.188304 0.186465 0.184514 0.182452 0.180279 0.177999 0.175611 0.173117 0.170519 0.167818 0.165016 0.162115 0.159116 0.156021 0.152832 0.149551 0.146180 0.142721 
0.149523 0.152804 0.155994 0.159090 0.162089 0.164992 0.167794 0.170496 0.173095 0.175590 0.177979 0.180261 0.182434 0.184497 0.186449 0.188289 0.190015 0.191627 0.193124 0.194504 0.195767 0.196912 0.197938 0.198845 0.199633 0.200300 0.200846 0.201272 0.201576 0.201759 0.201820 0.201760 0.201578 0.201275 0.200851 0.200305 0.199639 0.198853 0.197946 0.196921 0.195777 0.194515 0.193136 0.191640 0.190029 0.188304 0.186465 0.184514 0.182452 0.180279 0.177999 0.175611 0.173117 0.170519 0.167818 0.165016 0.162114 0.159115 0.156021 0.152832 0.149551 0.146180 0.142721 0.139176 
0.152804 0.155994 0.159090 0.162089 0.164992 0.167794 0.170496 0.173095 0.175590 0.177979 0.180261 0.182434 0.184497 0.186449 0.188289 0.190015 0.191627 0.193124 0.194504 0.195767 0.196912 0.197938 0.198845 0.199633 0.200300 0.200847 0.201272 0.201576 0.201759 0.201820 0.201760 0.201578 0.201275 0.200851 0.200305 0.199639 0.198853 0.197946 0.196921 0.195777 0.194515 0.193136 0.191640 0.190029 0.188304 0.186465 0.184514 0.182452 0.180279 0.177998 0.175610 0.173117 0.170518 0.167818 0.165016 0.162114 0.159115 0.156021 0.152832 0.149551 0.146180 0.142721 0.139176 0.135547 
0.155994 0.159090 0.162090 0.164992 0.167794 0.170496 0.173095 0.175590 0.177979 0.180261 0.182434 0.184497 0.186449 0.188289 0.190015 0.191627 0.193124 0.194504 0.195767 0.196912 0.197938 0.198845 0.199633 0.200300 0.200847 0.201272 0.201576 0.201759 0.201820 0.201760 0.201578 0.201275 0.200851 0.200305 0.199639 0.198853 0.197946 0.196921 0.195777 0.194515 0.193136 0.191640 0.190029 0.188304 0.186465 0.184514 0.182452 0.180279 0.177998 0.175610 0.173117 0.170518 0.167818 0.165016 0.162114 0.159115 0.156020 0.152832 0.149551 0.146180 0.142721 0.139176 0.135547 0.131836 
0.159090 0.162090 0.164992 0.167795 0.170496 0.173095 0.175590 0.177979 0.180261 0.182434 0.184497 0.186449 0.188289 0.190015 0.191627 0.193124 0.194504 0.195767 0.196912 0.197938 0.198846 0.199633 0.200300 0.200847 0.201272 0.201576 0.201759 0.201820 0.201760 0.201578 0.201275 0.200851 0.200305 0.199639 0.198853 0.197946 0.196921 0.195777 0.194515 0.193136 0.191640 0.190029 0.188304 0.186465 0.184514 0.182451 0.180279 0.177998 0.175610 0.173116 0.170518 0.167817 0.165016 0.162114 0.159115 0.156020 0.152831 0.149551 0.146180 0.142721 0.139176 0.135547 0.131836 0.128046 
0.162090 0.164992 0.167795 0.170496 0.173095 0.175590 0.177979 0.180261 0.182434 0.184497 0.186449 0.188289 0.190015 0.191627 0.193124 0.194504 0.195767 0.196912 0.197938 0.198846 0.199633 0.200300 0.200847 0.201272 0.201576 0.201759 0.201821 0.201760 0.201578 0.201275 0.200851 0.200305 0.199639 0.198853 0.197946 0.196921 0.195777 0.194515 0.193136 0.191640 0.190029 0.188304 0.186465 0.184514 0.182451 0.180279 0.177998 0.175610 0.173116 0.170518 0.167817 0.165015 0.162114 0.159115 0.156020 0.152831 0.149550 0.146179 0.142720 0.139175 0.135547 0.131836 0.128046 0.124179 
0.164992 0.167795 0.170496 0.173095 0.175590 0.177979 0.180261 0.182434 0.184497 0.186449 0.188289 0.190016 0.191627 0.193124 0.194504 0.195767 0.196912 0.197938 0.198846 0.199633 0.200300 0.200847 0.201272 0.201576 0.201759 0.201821 0.201760 0.201578 0.201275 0.200851 0.200305 0.199639 0.198853 0.197946 0.196921 0.195777 0.194515 0.193136 0.191640 0.190029 0.188304 0.186465 0.184514 0.182451 0.180279 0.177998 0.175610 0.173116 0.170518 0.167817 0.165015 0.162114 0.159115 0.156020 0.152831 0.149550 0.146179 0.142720 0.139175 0.135546 0.131836 0.128046 0.124179 0.120237 
0.167795 0.170497 0.173096 0.175590 0.177979 0.180261 0.182434 0.184497 0.186449 0.188289 0.190016 0.191628 0.193124 0.194504 0.195767 0.196912 0.197939 0.198846 0.199633 0.200300 0.200847 0.201272 0.201577 0.201759 0.201821 0.201760 0.201578 0.201275 0.200851 0.200305 0.199639 0.198853 0.197946 0.196921 0.195777 0.194515 0.193136 0.191640 0.190029 0.188304 0.186465 0.184514 0.182451 0.180279 0.177998 0.175610 0.173116 0.170518 0.167817 0.165015 0.162114 0.159115 0.156020 0.152831 0.149550 0.146179 0.142720 0.139175 0.135546 0.131836 0.128046 0.124179 0.120237 0.116223 
0.170497 0.173096 0.175590 0.177979 0.180261 0.182434 0.184497 0.186450 0.188289 0.190016 0.191628 0.193124 0.194504 0.195767 0.196912 0.197939 0.198846 0.199633 0.200300 0.200847 0.201272 0.201577 0.201759 0.201821 0.201760 0.201579 0.201275 0.200851 0.200305 0.199639 0.198853 0.197946 0.196921 0.195777 0.194515 0.193136 0.191640 0.190029 0.188304 0.186465 0.184514 0.182451 0.180279 0.177998 0.175610 0.173116 0.170518 0.167817 0.165015 0.162114 0.159115 0.156020 0.152831 0.149550 0.146179 0.142720 0.139175 0.135546 0.131836 0.128046 0.124179 0.120237 0.116222 0.112138 
0.173096 0.175590 0.177979 0.180261 0.182434 0.184498 0.186450 0.188289 0.190016 0.191628 0.193124 0.194504 0.195767 0.196912 0.197939 0.198846 0.199633 0.200300 0.200847 0.201272 0.201577 0.201759 0.201821 0.201760 0.201579 0.201275 0.200851 0.200305 0.199639 0.198853 0.197947 0.196921 0.195777 0.194515 0.193136 0.191640 0.190029 0.188304 0.186465 0.184514 0.182451 0.180279 0.177998 0.175610 0.173116 0.170518 0.167817 0.165015 0.162114 0.159115 0.156020 0.152831 0.149550 0.146179 0.142720 0.139175 0.135546 0.131836 0.128046 0.124179 0.120237 0.116222 0.112138 0.107986 
0.175591 0.177979 0.180261 0.182434 0.184498 0.186450 0.188290 0.190016 0.191628 0.193124 0.194504 0.195767 0.196912 0.197939 0.198846 0.199633 0.200301 0.200847 0.201272 0.201577 0.201760 0.201821 0.201761 0.201579 0.201275 0.200851 0.200305 0.199639 0.198853 0.197947 0.196921 0.195777 0.194515 0.193136 0.191640 0.190029 0.188304 0.186465 0.184514 0.182451 0.180279 0.177998 0.175610 0.173116 0.170518 0.167817 0.165015 0.162114 0.159115 0.156020 0.152831 0.149550 0.146179 0.142720 0.139175 0.135546 0.131836 0.128046 0.124178 0.120237 0.116222 0.112138 0.107986 0.103769 
0.177980 0.180261 0.182434 0.184498 0.186450 0.188290 0.190016 0.191628 0.193124 0.194504 0.195767 0.196912 0.197939 0.198846 0.199633 0.200301 0.200847 0.201273 0.201577 0.201760 0.201821 0.201761 0.201579 0.201275 0.200851 0.200305 0.199639 0.198853 0.197947 0.196921 0.195777 0.194515 0.193136 0.191640 0.190029 0.188304 0.186465 0.184514 0.182451 0.180279 0.177998 0.175610 0.173116 0.170518 0.167817 0.165015 0.162114 0.159115 0.156020 0.152831 0.149550 0.146179 0.142720 0.139175 0.135546 0.131835 0.128046 0.124178 0.120236 0.116222 0.112138 0.107986 0.103769 0.099489 
0.180261 0.182435 0.184498 0.186450 0.188290 0.190016 0.191628 0.193124 0.194505 0.195768 0.196913 0.197939 0.198846 0.199634 0.200301 0.200847 0.201273 0.201577 0.201760 0.201821 0.201761 0.201579 0.201276 0.200851 0.200306 0.199639 0.198853 0.197947 0.196921 0.195777 0.194515 0.193136 0.191640 0.190029 0.188304 0.186465 0.184514 0.182451 0.180279 0.177998 0.175610 0.173116 0.170518 0.167817 0.165015 0.162114 0.159115 0.156020 0.152831 0.149550 0.146179 0.142720 0.139175 0.135546 0.131835 0.128045 0.124178 0.120236 0.116222 0.112138 0.107986 0.103769 0.099489 0.095150 
0.182435 0.184498 0.186450 0.188290 0.190016 0.191628 0.193125 0.194505 0.195768 0.196913 0.197939 0.198846 0.199634 0.200301 0.200847 0.201273 0.201577 0.201760 0.201821 0.201761 0.201579 0.201276 0.200851 0.200306 0.199639 0.198853 0.197947 0.196921 0.195777 0.194515 0.193136 0.191640 0.190029 0.188304 0.186465 0.184514 0.182452 0.180279 0.177998 0.175610 0.173116 0.170518 0.167817 0.165015 0.162114 0.159115 0.156020 0.152831 0.149550 0.146179 0.142720 0.139175 0.135546 0.131835 0.128045 0.124178 0.120236 0.116222 0.112138 0.107986 0.103769 0.099489 0.095150 0.090753 
0.184498 0.186450 0.188290 0.190016 0.191628 0.193125 0.194505 0.195768 0.196913 0.197939 0.198846 0.199634 0.200301 0.200847 0.201273 0.201577 0.201760 0.201821 0.201761 0.201579 0.201276 0.200851 0.200306 0.199640 0.198853 0.197947 0.196921 0.195777 0.194515 0.193136 0.191641 0.190030 0.188304 0.186465 0.184514 0.182452 0.180279 0.177998 0.175610 0.173116 0.170518 0.167817 0.165015 0.162114 0.159115 0.156020 0.152831 0.149550 0.146179 0.142720 0.139175 0.135546 0.131835 0.128045 0.124178 0.120236 0.116222 0.112138 0.107986 0.103769 0.099489 0.095150 0.090753 0.086302 
0.186450 0.188290 0.190016 0.191628 0.193125 0.194505 0.195768 0.196913 0.197939 0.198847 0.199634 0.200301 0.200848 0.201273 0.201577 0.201760 0.201821 0.201761 0.201579 0.201276 0.200851 0.200306 0.199640 0.198853 0.197947 0.196921 0.195777 0.194515 0.193136 0.191641 0.190030 0.188304 0.186465 0.184514 0.182452 0.180279 0.177998 0.175610 0.173116 0.170518 0.167817 0.165015 0.162114 0.159115 0.156020 0.152831 0.149550 0.146179 0.142720 0.139175 0.135546 0.131835 0.128045 0.124178 0.120236 0.116222 0.112138 0.107986 0.103769 0.099489 0.095150 0.090753 0.086301 0.081798 
0.188290 0.190017 0.191628 0.193125 0.194505 0.195768 0.196913 0.197939 0.198847 0.199634 0.200301 0.200848 0.201273 0.201577 0.201760 0.201821 0.201761 0.201579 0.201276 0.200851 0.200306 0.199640 0.198853 0.197947 0.196922 0.195777 0.194515 0.193136 0.191641 0.190030 0.188304 0.186465 0.184514 0.182452 0.180279 0.177998 0.175610 0.173116 0.170518 0.167817 0.165015 0.162114 0.159115 0.156020 0.152831 0.149550 0.146179 0.142720 0.139175 0.135546 0.131835 0.128045 0.124178 0.120236 0.116222 0.112137 0.107986 0.103769 0.099489 0.095150 0.090753 0.086301 0.081798 0.077245 
0.190017 0.191629 0.193125 0.194505 0.195768 0.196913 0.197940 0.198847 0.199634 0.200301 0.200848 0.201273 0.201577 0.201760 0.201822 0.201761 0.201579 0.201276 0.200852 0.200306 0.199640 0.198853 0.197947 0.196922 0.195778 0.194516 0.193136 0.191641 0.190030 0.188304 0.186465 0.184514 0.182452 0.180279 0.177999 0.175610 0.173117 0.170518 0.167817 0.165015 0.162114 0.159115 0.156020 0.152831 0.149550 0.146179 0.142720 0.139175 0.135546 0.131835 0.128045 0.124178 0.120236 0.116222 0.112137 0.107986 0.103769 0.099489 0.095150 0.090753 0.086301 0.081798 0.077245 0.072646 
0.191629 0.193125 0.194505 0.195768 0.196913 0.197940 0.198847 0.199634 0.200301 0.200848 0.201273 0.201578 0.201760 0.201822 0.201761 0.201580 0.201276 0.200852 0.200306 0.199640 0.198854 0.197947 0.196922 0.195778 0.194516 0.193136 0.191641 0.190030 0.188304 0.186465 0.184514 0.182452 0.180280 0.177999 0.175611 0.173117 0.170518 0.167817 0.165015 0.162114 0.159115 0.156020 0.152831 0.149550 0.146179 0.142720 0.139175 0.135546 0.131835 0.128045 0.124178 0.120236 0.116222 0.112137 0.107985 0.103768 0.099489 0.095150 0.090753 0.086301 0.081798 0.077245 0.072646 0.068003 
0.193125 0.194505 0.195768 0.196913 0.197940 0.198847 0.199634 0.200302 0.200848 0.201274 0.201578 0.201761 0.201822 0.201761 0.201580 0.201276 0.200852 0.200306 0.199640 0.198854 0.197947 0.196922 0.195778 0.194516 0.193137 0.191641 0.190030 0.188304 0.186466 0.184514 0.182452 0.180280 0.177999 0.175611 0.173117 0.170518 0.167818 0.165016 0.162114 0.159115 0.156020 0.152831 0.149550 0.146179 0.142720 0.139175 0.135546 0.131835 0.128045 0.124178 0.120236 0.116222 0.112137 0.107985 0.103768 0.099489 0.095149 0.090753 0.086301 0.081798 0.077245 0.072646 0.068003 0.063319 
0.194506 0.195769 0.196914 0.197940 0.198847 0.199635 0.200302 0.200848 0.201274 0.201578 0.201761 0.201822 0.201762 0.201580 0.201276 0.200852 0.200306 0.199640 0.198854 0.197948 0.196922 0.195778 0.194516 0.193137 0.191641 0.190030 0.188305 0.186466 0.184514 0.182452 0.180280 0.177999 0.175611 0.173117 0.170519 0.167818 0.165016 0.162114 0.159115 0.156020 0.152831 0.149550 0.146179 0.142720 0.139175 0.135546 0.131835 0.128045 0.124178 0.120236 0.116222 0.112137 0.107985 0.103768 0.099489 0.095149 0.090753 0.086301 0.081798 0.077245 0.072646 0.068003 0.063319 0.058597 
0.195769 0.196914 0.197940 0.198847 0.199635 0.200302 0.200848 0.201274 0.201578 0.201761 0.201822 0.201762 0.201580 0.201277 0.200852 0.200307 0.199640 0.198854 0.197948 0.196922 0.195778 0.194516 0.193137 0.191641 0.190030 0.188305 0.186466 0.184515 0.182452 0.180280 0.177999 0.175611 0.173117 0.170519 0.167818 0.165016 0.162114 0.159115 0.156020 0.152831 0.149550 0.146179 0.142720 0.139175 0.135546 0.131835 0.128045 0.124178 0.120236 0.116222 0.112137 0.107985 0.103768 0.099489 0.095149 0.090753 0.086301 0.081798 0.077245 0.072646 0.068003 0.063319 0.058597 0.053839 
0.196914 0.197940 0.198848 0.199635 0.200302 0.200849 0.201274 0.201578 0.201761 0.201822 0.201762 0.201580 0.201277 0.200852 0.200307 0.199641 0.198854 0.197948 0.196922 0.195778 0.194516 0.193137 0.191641 0.190030 0.188305 0.186466 0.184515 0.182452 0.180280 0.177999 0.175611 0.173117 0.170519 0.167818 0.165016 0.162114 0.159115 0.156020 0.152831 0.149550 0.146179 0.142720 0.139175 0.135546 0.131835 0.128045 0.124178 0.120236 0.116222 0.112137 0.107986 0.103768 0.099489 0.095149 0.090753 0.086301 0.081798 0.077245 0.072646 0.068003 0.063319 0.058597 0.053839 0.049049 
0.197941 0.198848 0.199635 0.200302 0.200849 0.201274 0.201578 0.201761 0.201822 0.201762 0.201580 0.201277 0.200852 0.200307 0.199641 0.198854 0.197948 0.196922 0.195778 0.194516 0.193137 0.191642 0.190030 0.188305 0.186466 0.184515 0.182452 0.180280 0.177999 0.175611 0.173117 0.170519 0.167818 0.165016 0.162114 0.159115 0.156020 0.152831 0.149550 0.146179 0.142720 0.139175 0.135546 0.131836 0.128046 0.124178 0.120236 0.116222 0.112138 0.107986 0.103769 0.099489 0.095149 0.090753 0.086301 0.081798 0.077245 0.072646 0.068003 0.063319 0.058597 0.053839 0.049049 0.044230 
0.198848 0.199635 0.200302 0.200849 0.201274 0.201579 0.201761 0.201823 0.201762 0.201580 0.201277 0.200853 0.200307 0.199641 0.198854 0.197948 0.196923 0.195779 0.194516 0.193137 0.191642 0.190031 0.188305 0.186466 0.184515 0.182453 0.180280 0.177999 0.175611 0.173117 0.170519 0.167818 0.165016 0.162115 0.159115 0.156021 0.152832 0.149551 0.146179 0.142720 0.139175 0.135546 0.131836 0.128046 0.124178 0.120236 0.116222 0.112138 0.107986 0.103769 0.099489 0.095150 0.090753 0.086301 0.081798 0.077245 0.072646 0.068003 0.063319 0.058597 0.053839 0.049049 0.044230 0.039384 
0.199635 0.200303 0.200849 0.201275 0.201579 0.201762 0.201823 0.201762 0.201581 0.201277 0.200853 0.200307 0.199641 0.198855 0.197948 0.196923 0.195779 0.194517 0.193137 0.191642 0.190031 0.188305 0.186466 0.184515 0.182453 0.180280 0.177999 0.175611 0.173117 0.170519 0.167818 0.165016 0.162115 0.159116 0.156021 0.152832 0.149551 0.146180 0.142720 0.139175 0.135546 0.131836 0.128046 0.124178 0.120236 0.116222 0.112138 0.107986 0.103769 0.099489 0.095150 0.090753 0.086301 0.081798 0.077245 0.072646 0.068003 0.063319 0.058597 0.053839 0.049049 0.044230 0.039384 0.034514 
0.200303 0.200849 0.201275 0.201579 0.201762 0.201823 0.201763 0.201581 0.201278 0.200853 0.200307 0.199641 0.198855 0.197948 0.196923 0.195779 0.194517 0.193138 0.191642 0.190031 0.188305 0.186467 0.184515 0.182453 0.180281 0.178000 0.175611 0.173118 0.170519 0.167818 0.165016 0.162115 0.159116 0.156021 0.152832 0.149551 0.146180 0.142721 0.139175 0.135546 0.131836 0.128046 0.124179 0.120237 0.116222 0.112138 0.107986 0.103769 0.099489 0.095150 0.090753 0.086301 0.081798 0.077245 0.072646 0.068003 0.063319 0.058597 0.053839 0.049049 0.044230 0.039384 0.034514 0.029623 
0.200849 0.201275 0.201579 0.201762 0.201823 0.201763 0.201581 0.201278 0.200853 0.200308 0.199641 0.198855 0.197949 0.196923 0.195779 0.194517 0.193138 0.191642 0.190031 0.188306 0.186467 0.184515 0.182453 0.180281 0.178000 0.175612 0.173118 0.170519 0.167818 0.165016 0.162115 0.159116 0.156021 0.152832 0.149551 0.146180 0.142721 0.139176 0.135547 0.131836 0.128046 0.124179 0.120237 0.116222 0.112138 0.107986 0.103769 0.099489 0.095150 0.090753 0.086301 0.081798 0.077245 0.072646 0.068003 0.063319 0.058597 0.053839 0.049049 0.044230 0.039384 0.034514 0.029623 0.024715 
0.201275 0.201579 0.201762 0.201823 0.201763 0.201581 0.201278 0.200853 0.200308 0.199642 0.198855 0.197949 0.196923 0.195779 0.194517 0.193138 0.191642 0.190031 0.188306 0.186467 0.184516 0.182453 0.180281 0.178000 0.175612 0.173118 0.170520 0.167819 0.165017 0.162115 0.159116 0.156021 0.152832 0.149551 0.146180 0.142721 0.139176 0.135547 0.131836 0.128046 0.124179 0.120237 0.116222 0.112138 0.107986 0.103769 0.099489 0.095150 0.090753 0.086301 0.081798 0.077245 0.072646 0.068003 0.063319 0.058597 0.053839 0.049049 0.044230 0.039384 0.034514 0.029623 0.024715 0.019791 
0.201580 0.201762 0.201824 0.201763 0.201581 0.201278 0.200854 0.200308 0.199642 0.198855 0.197949 0.196924 0.195779 0.194517 0.193138 0.191643 0.190032 0.188306 0.186467 0.184516 0.182453 0.180281 0.178000 0.175612 0.173118 0.170520 0.167819 0.165017 0.162115 0.159116 0.156021 0.152832 0.149551 0.146180 0.142721 0.139176 0.135547 0.131836 0.128046 0.124179 0.120237 0.116222 0.112138 0.107986 0.103769 0.099489 0.095150 0.090753 0.086301 0.081798 0.077245 0.072646 0.068003 0.063319 0.058597 0.053839 0.049049 0.044230 0.039384 0.034514 0.029623 0.024715 0.019791 0.014856 
0.201763 0.201824 0.201763 0.201582 0.201278 0.200854 0.200308 0.199642 0.198856 0.197949 0.196924 0.195780 0.194518 0.193138 0.191643 0.190032 0.188306 0.186467 0.184516 0.182454 0.180281 0.178000 0.175612 0.173118 0.170520 0.167819 0.165017 0.162115 0.159116 0.156021 0.152832 0.149551 0.146180 0.142721 0.139176 0.135547 0.131836 0.128046 0.124179 0.120237 0.116223 0.112138 0.107986 0.103769 0.099489 0.095150 0.090753 0.086302 0.081798 0.077245 0.072646 0.068003 0.063319 0.058597 0.053839 0.049049 0.044230 0.039384 0.034514 0.029623 0.024715 0.019791 0.014856 0.009912 
