0.201824 0.201764 0.201582 0.201279 0.200854 0.200308 0.199642 0.198856 0.197950 0.196924 0.195780 0.194518 0.193139 0.191643 0.190032 0.188306 0.186467 0.184516 0.182454 0.180281 0.178000 0.175612 0.173118 0.170520 0.167819 0.165017 0.162116 0.159117 0.156022 0.152833 0.149552 0.146180 0.142721 0.139176 0.135547 0.131836 0.128046 0.124179 0.120237 0.116223 0.112138 0.107986 0.103769 0.099490 0.095150 0.090753 0.086302 0.081798 0.077245 0.072646 0.068003 0.063319 0.058597 0.053839 0.049049 0.044230 0.039384 0.034514 0.029623 0.024715 0.019791 0.014856 0.009912 0.004961 
0.201764 0.201582 0.201279 0.200854 0.200309 0.199642 0.198856 0.197950 0.196924 0.195780 0.194518 0.193139 0.191643 0.190032 0.188307 0.186468 0.184516 0.182454 0.180282 0.178001 0.175613 0.173119 0.170520 0.167819 0.165017 0.162116 0.159117 0.156022 0.152833 0.149552 0.146181 0.142721 0.139176 0.135547 0.131837 0.128046 0.124179 0.120237 0.116223 0.112138 0.107986 0.103769 0.099490 0.095150 0.090753 0.086302 0.081798 0.077245 0.072646 0.068003 0.063319 0.058597 0.053839 0.049049 0.044230 0.039384 0.034514 0.029623 0.024715 0.019791 0.014856 0.009912 0.004961 0.000008 
0.201582 0.201279 0.200854 0.200309 0.199643 0.198856 0.197950 0.196924 0.195780 0.194518 0.193139 0.191643 0.190032 0.188307 0.186468 0.184517 0.182454 0.180282 0.178001 0.175613 0.173119 0.170521 0.167820 0.165017 0.162116 0.159117 0.156022 0.152833 0.149552 0.146181 0.142722 0.139176 0.135547 0.131837 0.128047 0.124179 0.120237 0.116223 0.112138 0.107986 0.103769 0.099490 0.095150 0.090753 0.086302 0.081798 0.077246 0.072646 0.068003 0.063319 0.058597 0.053839 0.049049 0.044230 0.039384 0.034514 0.029623 0.024715 0.019791 0.014856 0.009912 0.004961 0.000008 -0.004945 
0.201279 0.200855 0.200309 0.199643 0.198856 0.197950 0.196925 0.195781 0.194519 0.193139 0.191644 0.190033 0.188307 0.186468 0.184517 0.182454 0.180282 0.178001 0.175613 0.173119 0.170521 0.167820 0.165018 0.162116 0.159117 0.156022 0.152833 0.149552 0.146181 0.142722 0.139177 0.135548 0.131837 0.128047 0.124180 0.120238 0.116223 0.112139 0.107987 0.103770 0.099490 0.095150 0.090754 0.086302 0.081798 0.077246 0.072646 0.068003 0.063319 0.058597 0.053839 0.049050 0.044230 0.039384 0.034514 0.029623 0.024715 0.019791 0.014856 0.009912 0.004961 0.000008 -0.004945 -0.009895 
0.200855 0.200309 0.199643 0.198857 0.197950 0.196925 0.195781 0.194519 0.193140 0.191644 0.190033 0.188307 0.186468 0.184517 0.182455 0.180282 0.178001 0.175613 0.173119 0.170521 0.167820 0.165018 0.162116 0.159117 0.156022 0.152833 0.149552 0.146181 0.142722 0.139177 0.135548 0.131837 0.128047 0.124180 0.120238 0.116223 0.112139 0.107987 0.103770 0.099490 0.095151 0.090754 0.086302 0.081799 0.077246 0.072646 0.068003 0.063319 0.058597 0.053840 0.049050 0.044230 0.039384 0.034514 0.029623 0.024715 0.019791 0.014856 0.009912 0.004961 0.000008 -0.004945 -0.009895 -0.014840 
0.200310 0.199643 0.198857 0.197951 0.196925 0.195781 0.194519 0.193140 0.191644 0.190033 0.188308 0.186469 0.184517 0.182455 0.180283 0.178002 0.175613 0.173119 0.170521 0.167820 0.165018 0.162117 0.159118 0.156023 0.152834 0.149553 0.146181 0.142722 0.139177 0.135548 0.131837 0.128047 0.124180 0.120238 0.116223 0.112139 0.107987 0.103770 0.099490 0.095151 0.090754 0.086302 0.081799 0.077246 0.072647 0.068004 0.063319 0.058597 0.053840 0.049050 0.044230 0.039384 0.034514 0.029623 0.024715 0.019791 0.014856 0.009912 0.004962 0.000008 -0.004945 -0.009895 -0.014840 -0.019775 
0.199644 0.198857 0.197951 0.196925 0.195781 0.194519 0.193140 0.191644 0.190033 0.188308 0.186469 0.184518 0.182455 0.180283 0.178002 0.175614 0.173120 0.170521 0.167820 0.165018 0.162117 0.159118 0.156023 0.152834 0.149553 0.146182 0.142722 0.139177 0.135548 0.131838 0.128047 0.124180 0.120238 0.116224 0.112139 0.107987 0.103770 0.099490 0.095151 0.090754 0.086302 0.081799 0.077246 0.072647 0.068004 0.063320 0.058597 0.053840 0.049050 0.044230 0.039384 0.034514 0.029624 0.024715 0.019792 0.014856 0.009912 0.004962 0.000008 -0.004945 -0.009895 -0.014840 -0.019775 -0.024699 
0.198858 0.197951 0.196926 0.195782 0.194520 0.193140 0.191645 0.190034 0.188308 0.186469 0.184518 0.182455 0.180283 0.178002 0.175614 0.173120 0.170522 0.167821 0.165019 0.162117 0.159118 0.156023 0.152834 0.149553 0.146182 0.142723 0.139177 0.135548 0.131838 0.128048 0.124180 0.120238 0.116224 0.112139 0.107987 0.103770 0.099491 0.095151 0.090754 0.086303 0.081799 0.077246 0.072647 0.068004 0.063320 0.058597 0.053840 0.049050 0.044230 0.039384 0.034514 0.029624 0.024715 0.019792 0.014856 0.009912 0.004962 0.000008 -0.004945 -0.009895 -0.014840 -0.019775 -0.024699 -0.029607 
0.197952 0.196926 0.195782 0.194520 0.193141 0.191645 0.190034 0.188308 0.186469 0.184518 0.182456 0.180283 0.178002 0.175614 0.173120 0.170522 0.167821 0.165019 0.162117 0.159118 0.156023 0.152834 0.149553 0.146182 0.142723 0.139178 0.135549 0.131838 0.128048 0.124181 0.120239 0.116224 0.112140 0.107988 0.103770 0.099491 0.095151 0.090754 0.086303 0.081799 0.077246 0.072647 0.068004 0.063320 0.058598 0.053840 0.049050 0.044231 0.039384 0.034514 0.029624 0.024715 0.019792 0.014856 0.009912 0.004962 0.000008 -0.004945 -0.009895 -0.014840 -0.019775 -0.024699 -0.029607 -0.034498 
0.196926 0.195782 0.194520 0.193141 0.191645 0.190034 0.188309 0.186470 0.184518 0.182456 0.180284 0.178003 0.175614 0.173121 0.170522 0.167821 0.165019 0.162118 0.159119 0.156024 0.152835 0.149553 0.146182 0.142723 0.139178 0.135549 0.131838 0.128048 0.124181 0.120239 0.116224 0.112140 0.107988 0.103771 0.099491 0.095151 0.090755 0.086303 0.081799 0.077247 0.072647 0.068004 0.063320 0.058598 0.053840 0.049050 0.044231 0.039385 0.034515 0.029624 0.024715 0.019792 0.014857 0.009912 0.004962 0.000009 -0.004945 -0.009895 -0.014839 -0.019775 -0.024699 -0.029607 -0.034498 -0.039368 
0.195782 0.194520 0.193141 0.191646 0.190035 0.188309 0.186470 0.184519 0.182456 0.180284 0.178003 0.175615 0.173121 0.170523 0.167822 0.165019 0.162118 0.159119 0.156024 0.152835 0.149554 0.146183 0.142723 0.139178 0.135549 0.131838 0.128048 0.124181 0.120239 0.116225 0.112140 0.107988 0.103771 0.099491 0.095152 0.090755 0.086303 0.081800 0.077247 0.072647 0.068004 0.063320 0.058598 0.053840 0.049050 0.044231 0.039385 0.034515 0.029624 0.024715 0.019792 0.014857 0.009912 0.004962 0.000009 -0.004945 -0.009895 -0.014839 -0.019775 -0.024698 -0.029607 -0.034498 -0.039368 -0.044214 
0.194521 0.193141 0.191646 0.190035 0.188309 0.186470 0.184519 0.182457 0.180284 0.178003 0.175615 0.173121 0.170523 0.167822 0.165020 0.162118 0.159119 0.156024 0.152835 0.149554 0.146183 0.142724 0.139178 0.135549 0.131839 0.128049 0.124181 0.120239 0.116225 0.112140 0.107988 0.103771 0.099491 0.095152 0.090755 0.086303 0.081800 0.077247 0.072648 0.068005 0.063320 0.058598 0.053841 0.049051 0.044231 0.039385 0.034515 0.029624 0.024716 0.019792 0.014857 0.009912 0.004962 0.000009 -0.004945 -0.009895 -0.014839 -0.019775 -0.024698 -0.029607 -0.034498 -0.039368 -0.044214 -0.049034 
0.193142 0.191646 0.190035 0.188310 0.186471 0.184519 0.182457 0.180285 0.178004 0.175615 0.173121 0.170523 0.167822 0.165020 0.162119 0.159119 0.156024 0.152835 0.149554 0.146183 0.142724 0.139179 0.135550 0.131839 0.128049 0.124182 0.120240 0.116225 0.112141 0.107988 0.103771 0.099492 0.095152 0.090755 0.086304 0.081800 0.077247 0.072648 0.068005 0.063321 0.058598 0.053841 0.049051 0.044231 0.039385 0.034515 0.029624 0.024716 0.019792 0.014857 0.009913 0.004962 0.000009 -0.004944 -0.009895 -0.014839 -0.019775 -0.024698 -0.029607 -0.034498 -0.039368 -0.044214 -0.049034 -0.053824 
0.191646 0.190035 0.188310 0.186471 0.184520 0.182457 0.180285 0.178004 0.175616 0.173122 0.170523 0.167822 0.165020 0.162119 0.159120 0.156025 0.152836 0.149555 0.146183 0.142724 0.139179 0.135550 0.131839 0.128049 0.124182 0.120240 0.116225 0.112141 0.107989 0.103772 0.099492 0.095152 0.090755 0.086304 0.081800 0.077247 0.072648 0.068005 0.063321 0.058599 0.053841 0.049051 0.044231 0.039385 0.034515 0.029625 0.024716 0.019792 0.014857 0.009913 0.004962 0.000009 -0.004944 -0.009895 -0.014839 -0.019775 -0.024698 -0.029607 -0.034498 -0.039368 -0.044214 -0.049034 -0.053824 -0.058582 
0.190036 0.188310 0.186471 0.184520 0.182458 0.180285 0.178004 0.175616 0.173122 0.170524 0.167823 0.165021 0.162119 0.159120 0.156025 0.152836 0.149555 0.146184 0.142725 0.139179 0.135550 0.131840 0.128049 0.124182 0.120240 0.116226 0.112141 0.107989 0.103772 0.099492 0.095153 0.090756 0.086304 0.081801 0.077248 0.072648 0.068005 0.063321 0.058599 0.053841 0.049051 0.044232 0.039385 0.034515 0.029625 0.024716 0.019793 0.014857 0.009913 0.004963 0.000009 -0.004944 -0.009895 -0.014839 -0.019774 -0.024698 -0.029607 -0.034498 -0.039368 -0.044214 -0.049034 -0.053824 -0.058582 -0.063304 
0.188311 0.186472 0.184520 0.182458 0.180286 0.178005 0.175616 0.173122 0.170524 0.167823 0.165021 0.162119 0.159120 0.156025 0.152836 0.149555 0.146184 0.142725 0.139180 0.135551 0.131840 0.128050 0.124182 0.120240 0.116226 0.112141 0.107989 0.103772 0.099492 0.095153 0.090756 0.086304 0.081801 0.077248 0.072649 0.068005 0.063321 0.058599 0.053841 0.049051 0.044232 0.039386 0.034516 0.029625 0.024716 0.019793 0.014857 0.009913 0.004963 0.000009 -0.004944 -0.009894 -0.014839 -0.019774 -0.024698 -0.029607 -0.034497 -0.039368 -0.044214 -0.049034 -0.053824 -0.058582 -0.063304 -0.067989 
0.186472 0.184521 0.182458 0.180286 0.178005 0.175617 0.173123 0.170524 0.167823 0.165021 0.162120 0.159121 0.156026 0.152837 0.149556 0.146184 0.142725 0.139180 0.135551 0.131840 0.128050 0.124183 0.120241 0.116226 0.112142 0.107990 0.103772 0.099493 0.095153 0.090756 0.086305 0.081801 0.077248 0.072649 0.068006 0.063322 0.058599 0.053842 0.049052 0.044232 0.039386 0.034516 0.029625 0.024717 0.019793 0.014858 0.009913 0.004963 0.000010 -0.004944 -0.009894 -0.014839 -0.019774 -0.024698 -0.029606 -0.034497 -0.039367 -0.044214 -0.049034 -0.053824 -0.058582 -0.063304 -0.067989 -0.072632 
0.184521 0.182459 0.180286 0.178005 0.175617 0.173123 0.170525 0.167824 0.165022 0.162120 0.159121 0.156026 0.152837 0.149556 0.146185 0.142725 0.139180 0.135551 0.131840 0.128050 0.124183 0.120241 0.116226 0.112142 0.107990 0.103773 0.099493 0.095153 0.090757 0.086305 0.081801 0.077248 0.072649 0.068006 0.063322 0.058599 0.053842 0.049052 0.044232 0.039386 0.034516 0.029625 0.024717 0.019793 0.014858 0.009913 0.004963 0.000010 -0.004944 -0.009894 -0.014838 -0.019774 -0.024698 -0.029606 -0.034497 -0.039367 -0.044214 -0.049033 -0.053824 -0.058582 -0.063304 -0.067989 -0.072632 -0.077232 
0.182459 0.180287 0.178006 0.175617 0.173123 0.170525 0.167824 0.165022 0.162121 0.159121 0.156026 0.152837 0.149556 0.146185 0.142726 0.139181 0.135552 0.131841 0.128051 0.124183 0.120241 0.116227 0.112142 0.107990 0.103773 0.099493 0.095154 0.090757 0.086305 0.081802 0.077249 0.072649 0.068006 0.063322 0.058600 0.053842 0.049052 0.044233 0.039386 0.034516 0.029626 0.024717 0.019793 0.014858 0.009914 0.004963 0.000010 -0.004943 -0.009894 -0.014838 -0.019774 -0.024697 -0.029606 -0.034497 -0.039367 -0.044214 -0.049033 -0.053824 -0.058581 -0.063304 -0.067988 -0.072632 -0.077232 -0.081785 
0.180287 0.178006 0.175618 0.173124 0.170525 0.167824 0.165022 0.162121 0.159122 0.156027 0.152838 0.149557 0.146185 0.142726 0.139181 0.135552 0.131841 0.128051 0.124184 0.120242 0.116227 0.112143 0.107990 0.103773 0.099494 0.095154 0.090757 0.086306 0.081802 0.077249 0.072650 0.068006 0.063322 0.058600 0.053842 0.049052 0.044233 0.039387 0.034517 0.029626 0.024717 0.019794 0.014858 0.009914 0.004964 0.000010 -0.004943 -0.009894 -0.014838 -0.019774 -0.024697 -0.029606 -0.034497 -0.039367 -0.044213 -0.049033 -0.053823 -0.058581 -0.063304 -0.067988 -0.072632 -0.077232 -0.081785 -0.086289 
0.178006 0.175618 0.173124 0.170526 0.167825 0.165023 0.162121 0.159122 0.156027 0.152838 0.149557 0.146186 0.142726 0.139181 0.135552 0.131841 0.128051 0.124184 0.120242 0.116227 0.112143 0.107991 0.103774 0.099494 0.095154 0.090757 0.086306 0.081802 0.077249 0.072650 0.068007 0.063323 0.058600 0.053843 0.049053 0.044233 0.039387 0.034517 0.029626 0.024717 0.019794 0.014859 0.009914 0.004964 0.000010 -0.004943 -0.009893 -0.014838 -0.019773 -0.024697 -0.029606 -0.034497 -0.039367 -0.044213 -0.049033 -0.053823 -0.058581 -0.063304 -0.067988 -0.072632 -0.077231 -0.081785 -0.086289 -0.090741 
0.175618 0.173124 0.170526 0.167825 0.165023 0.162122 0.159122 0.156027 0.152838 0.149557 0.146186 0.142727 0.139182 0.135553 0.131842 0.128052 0.124184 0.120242 0.116228 0.112143 0.107991 0.103774 0.099494 0.095155 0.090758 0.086306 0.081803 0.077250 0.072650 0.068007 0.063323 0.058601 0.053843 0.049053 0.044233 0.039387 0.034517 0.029626 0.024718 0.019794 0.014859 0.009914 0.004964 0.000011 -0.004943 -0.009893 -0.014838 -0.019773 -0.024697 -0.029606 -0.034496 -0.039367 -0.044213 -0.049033 -0.053823 -0.058581 -0.063304 -0.067988 -0.072632 -0.077231 -0.081785 -0.086289 -0.090741 -0.095138 
0.173125 0.170527 0.167826 0.165023 0.162122 0.159123 0.156028 0.152839 0.149558 0.146186 0.142727 0.139182 0.135553 0.131842 0.128052 0.124185 0.120243 0.116228 0.112144 0.107991 0.103774 0.099495 0.095155 0.090758 0.086306 0.081803 0.077250 0.072651 0.068007 0.063323 0.058601 0.053843 0.049053 0.044234 0.039387 0.034517 0.029627 0.024718 0.019794 0.014859 0.009915 0.004964 0.000011 -0.004943 -0.009893 -0.014837 -0.019773 -0.024697 -0.029605 -0.034496 -0.039366 -0.044213 -0.049033 -0.053823 -0.058581 -0.063303 -0.067988 -0.072631 -0.077231 -0.081784 -0.086288 -0.090740 -0.095138 -0.099478 
0.170527 0.167826 0.165024 0.162122 0.159123 0.156028 0.152839 0.149558 0.146187 0.142728 0.139182 0.135553 0.131843 0.128052 0.124185 0.120243 0.116229 0.112144 0.107992 0.103775 0.099495 0.095155 0.090758 0.086307 0.081803 0.077250 0.072651 0.068008 0.063324 0.058601 0.053844 0.049054 0.044234 0.039388 0.034518 0.029627 0.024718 0.019795 0.014859 0.009915 0.004964 0.000011 -0.004942 -0.009893 -0.014837 -0.019773 -0.024696 -0.029605 -0.034496 -0.039366 -0.044213 -0.049032 -0.053823 -0.058581 -0.063303 -0.067988 -0.072631 -0.077231 -0.081784 -0.086288 -0.090740 -0.095138 -0.099478 -0.103758 
0.167826 0.165024 0.162123 0.159124 0.156029 0.152840 0.149558 0.146187 0.142728 0.139183 0.135554 0.131843 0.128053 0.124186 0.120243 0.116229 0.112144 0.107992 0.103775 0.099495 0.095156 0.090759 0.086307 0.081804 0.077251 0.072651 0.068008 0.063324 0.058602 0.053844 0.049054 0.044234 0.039388 0.034518 0.029627 0.024719 0.019795 0.014860 0.009915 0.004965 0.000011 -0.004942 -0.009892 -0.014837 -0.019772 -0.024696 -0.029605 -0.034496 -0.039366 -0.044212 -0.049032 -0.053823 -0.058580 -0.063303 -0.067988 -0.072631 -0.077231 -0.081784 -0.086288 -0.090740 -0.095138 -0.099478 -0.103758 -0.107975 
0.165025 0.162123 0.159124 0.156029 0.152840 0.149559 0.146188 0.142728 0.139183 0.135554 0.131843 0.128053 0.124186 0.120244 0.116229 0.112145 0.107993 0.103775 0.099496 0.095156 0.090759 0.086308 0.081804 0.077251 0.072652 0.068008 0.063324 0.058602 0.053844 0.049054 0.044235 0.039388 0.034518 0.029628 0.024719 0.019795 0.014860 0.009915 0.004965 0.000012 -0.004942 -0.009892 -0.014837 -0.019772 -0.024696 -0.029605 -0.034496 -0.039366 -0.044212 -0.049032 -0.053822 -0.058580 -0.063303 -0.067987 -0.072631 -0.077231 -0.081784 -0.086288 -0.090740 -0.095137 -0.099477 -0.103758 -0.107975 -0.112128 
0.162124 0.159124 0.156029 0.152840 0.149559 0.146188 0.142729 0.139184 0.135554 0.131844 0.128054 0.124186 0.120244 0.116230 0.112145 0.107993 0.103776 0.099496 0.095156 0.090760 0.086308 0.081804 0.077251 0.072652 0.068009 0.063325 0.058602 0.053845 0.049055 0.044235 0.039389 0.034519 0.029628 0.024719 0.019796 0.014860 0.009916 0.004965 0.000012 -0.004941 -0.009892 -0.014836 -0.019772 -0.024696 -0.029604 -0.034495 -0.039366 -0.044212 -0.049032 -0.053822 -0.058580 -0.063303 -0.067987 -0.072631 -0.077230 -0.081784 -0.086288 -0.090740 -0.095137 -0.099477 -0.103757 -0.107975 -0.112128 -0.116213 
0.159125 0.156030 0.152841 0.149560 0.146188 0.142729 0.139184 0.135555 0.131844 0.128054 0.124187 0.120245 0.116230 0.112145 0.107993 0.103776 0.099497 0.095157 0.090760 0.086308 0.081805 0.077252 0.072652 0.068009 0.063325 0.058603 0.053845 0.049055 0.044235 0.039389 0.034519 0.029628 0.024720 0.019796 0.014860 0.009916 0.004966 0.000012 -0.004941 -0.009892 -0.014836 -0.019772 -0.024695 -0.029604 -0.034495 -0.039365 -0.044212 -0.049032 -0.053822 -0.058580 -0.063302 -0.067987 -0.072630 -0.077230 -0.081784 -0.086288 -0.090740 -0.095137 -0.099477 -0.103757 -0.107975 -0.112128 -0.116213 -0.120228 
0.156030 0.152841 0.149560 0.146189 0.142730 0.139184 0.135555 0.131845 0.128054 0.124187 0.120245 0.116230 0.112146 0.107994 0.103777 0.099497 0.095157 0.090760 0.086309 0.081805 0.077252 0.072653 0.068009 0.063325 0.058603 0.053845 0.049055 0.044236 0.039389 0.034519 0.029629 0.024720 0.019796 0.014861 0.009916 0.004966 0.000013 -0.004941 -0.009891 -0.014836 -0.019771 -0.024695 -0.029604 -0.034495 -0.039365 -0.044211 -0.049031 -0.053822 -0.058580 -0.063302 -0.067987 -0.072630 -0.077230 -0.081783 -0.086287 -0.090739 -0.095137 -0.099477 -0.103757 -0.107975 -0.112127 -0.116213 -0.120228 -0.124170 
0.152842 0.149561 0.146189 0.142730 0.139185 0.135556 0.131845 0.128055 0.124188 0.120245 0.116231 0.112146 0.107994 0.103777 0.099497 0.095158 0.090761 0.086309 0.081805 0.077253 0.072653 0.068010 0.063326 0.058603 0.053846 0.049056 0.044236 0.039390 0.034520 0.029629 0.024720 0.019797 0.014861 0.009917 0.004966 0.000013 -0.004941 -0.009891 -0.014836 -0.019771 -0.024695 -0.029604 -0.034495 -0.039365 -0.044211 -0.049031 -0.053821 -0.058579 -0.063302 -0.067986 -0.072630 -0.077230 -0.081783 -0.086287 -0.090739 -0.095137 -0.099477 -0.103757 -0.107975 -0.112127 -0.116212 -0.120228 -0.124170 -0.128038 
0.149561 0.146190 0.142731 0.139185 0.135556 0.131845 0.128055 0.124188 0.120246 0.116231 0.112147 0.107995 0.103777 0.099498 0.095158 0.090761 0.086309 0.081806 0.077253 0.072653 0.068010 0.063326 0.058604 0.053846 0.049056 0.044236 0.039390 0.034520 0.029629 0.024721 0.019797 0.014862 0.009917 0.004967 0.000013 -0.004940 -0.009891 -0.014835 -0.019771 -0.024694 -0.029603 -0.034494 -0.039364 -0.044211 -0.049031 -0.053821 -0.058579 -0.063302 -0.067986 -0.072630 -0.077230 -0.081783 -0.086287 -0.090739 -0.095136 -0.099477 -0.103757 -0.107974 -0.112127 -0.116212 -0.120227 -0.124170 -0.128038 -0.131829 
0.146190 0.142731 0.139186 0.135557 0.131846 0.128056 0.124188 0.120246 0.116232 0.112147 0.107995 0.103778 0.099498 0.095159 0.090762 0.086310 0.081806 0.077253 0.072654 0.068011 0.063326 0.058604 0.053846 0.049056 0.044237 0.039390 0.034520 0.029630 0.024721 0.019797 0.014862 0.009917 0.004967 0.000014 -0.004940 -0.009890 -0.014835 -0.019770 -0.024694 -0.029603 -0.034494 -0.039364 -0.044211 -0.049030 -0.053821 -0.058579 -0.063301 -0.067986 -0.072629 -0.077229 -0.081783 -0.086287 -0.090739 -0.095136 -0.099476 -0.103756 -0.107974 -0.112127 -0.116212 -0.120227 -0.124170 -0.128038 -0.131829 -0.135540 
0.142731 0.139186 0.135557 0.131846 0.128056 0.124189 0.120247 0.116232 0.112148 0.107995 0.103778 0.099499 0.095159 0.090762 0.086310 0.081807 0.077254 0.072654 0.068011 0.063327 0.058605 0.053847 0.049057 0.044237 0.039391 0.034521 0.029630 0.024721 0.019798 0.014862 0.009918 0.004967 0.000014 -0.004940 -0.009890 -0.014835 -0.019770 -0.024694 -0.029603 -0.034494 -0.039364 -0.044210 -0.049030 -0.053821 -0.058578 -0.063301 -0.067986 -0.072629 -0.077229 -0.081782 -0.086286 -0.090738 -0.095136 -0.099476 -0.103756 -0.107974 -0.112127 -0.116212 -0.120227 -0.124170 -0.128038 -0.131828 -0.135540 -0.139170 
0.139187 0.135558 0.131847 0.128057 0.124189 0.120247 0.116233 0.112148 0.107996 0.103779 0.099499 0.095159 0.090762 0.086311 0.081807 0.077254 0.072655 0.068012 0.063327 0.058605 0.053847 0.049057 0.044238 0.039391 0.034521 0.029630 0.024722 0.019798 0.014863 0.009918 0.004968 0.000014 -0.004939 -0.009890 -0.014834 -0.019770 -0.024693 -0.029602 -0.034493 -0.039363 -0.044210 -0.049030 -0.053820 -0.058578 -0.063301 -0.067985 -0.072629 -0.077229 -0.081782 -0.086286 -0.090738 -0.095136 -0.099476 -0.103756 -0.107974 -0.112126 -0.116212 -0.120227 -0.124169 -0.128037 -0.131828 -0.135540 -0.139169 -0.142715 
0.135558 0.131847 0.128057 0.124190 0.120248 0.116233 0.112149 0.107996 0.103779 0.099499 0.095160 0.090763 0.086311 0.081808 0.077255 0.072655 0.068012 0.063328 0.058605 0.053848 0.049058 0.044238 0.039392 0.034522 0.029631 0.024722 0.019799 0.014863 0.009919 0.004968 0.000015 -0.004939 -0.009889 -0.014834 -0.019769 -0.024693 -0.029602 -0.034493 -0.039363 -0.044210 -0.049030 -0.053820 -0.058578 -0.063301 -0.067985 -0.072629 -0.077228 -0.081782 -0.086286 -0.090738 -0.095135 -0.099476 -0.103756 -0.107974 -0.112126 -0.116211 -0.120227 -0.124169 -0.128037 -0.131828 -0.135539 -0.139169 -0.142715 -0.146175 
0.131848 0.128058 0.124190 0.120248 0.116234 0.112149 0.107997 0.103780 0.099500 0.095160 0.090763 0.086312 0.081808 0.077255 0.072656 0.068012 0.063328 0.058606 0.053848 0.049058 0.044238 0.039392 0.034522 0.029631 0.024723 0.019799 0.014863 0.009919 0.004968 0.000015 -0.004938 -0.009889 -0.014833 -0.019769 -0.024693 -0.029602 -0.034493 -0.039363 -0.044209 -0.049029 -0.053820 -0.058578 -0.063300 -0.067985 -0.072628 -0.077228 -0.081782 -0.086286 -0.090738 -0.095135 -0.099475 -0.103756 -0.107973 -0.112126 -0.116211 -0.120226 -0.124169 -0.128037 -0.131828 -0.135539 -0.139169 -0.142715 -0.146175 -0.149547 
0.128058 0.124191 0.120249 0.116234 0.112149 0.107997 0.103780 0.099500 0.095161 0.090764 0.086312 0.081808 0.077256 0.072656 0.068013 0.063329 0.058606 0.053849 0.049059 0.044239 0.039393 0.034522 0.029632 0.024723 0.019799 0.014864 0.009919 0.004969 0.000015 -0.004938 -0.009889 -0.014833 -0.019769 -0.024692 -0.029601 -0.034492 -0.039362 -0.044209 -0.049029 -0.053819 -0.058577 -0.063300 -0.067984 -0.072628 -0.077228 -0.081781 -0.086285 -0.090737 -0.095135 -0.099475 -0.103755 -0.107973 -0.112126 -0.116211 -0.120226 -0.124169 -0.128037 -0.131828 -0.135539 -0.139169 -0.142715 -0.146175 -0.149547 -0.152829 
0.124191 0.120249 0.116235 0.112150 0.107998 0.103781 0.099501 0.095161 0.090764 0.086313 0.081809 0.077256 0.072657 0.068013 0.063329 0.058607 0.053849 0.049059 0.044239 0.039393 0.034523 0.029632 0.024723 0.019800 0.014864 0.009920 0.004969 0.000016 -0.004938 -0.009888 -0.014833 -0.019768 -0.024692 -0.029601 -0.034492 -0.039362 -0.044209 -0.049029 -0.053819 -0.058577 -0.063300 -0.067984 -0.072628 -0.077228 -0.081781 -0.086285 -0.090737 -0.095135 -0.099475 -0.103755 -0.107973 -0.112125 -0.116211 -0.120226 -0.124169 -0.128037 -0.131827 -0.135539 -0.139169 -0.142715 -0.146175 -0.149547 -0.152828 -0.156018 
0.120250 0.116235 0.112150 0.107998 0.103781 0.099501 0.095162 0.090765 0.086313 0.081809 0.077256 0.072657 0.068014 0.063330 0.058607 0.053850 0.049059 0.044240 0.039393 0.034523 0.029633 0.024724 0.019800 0.014865 0.009920 0.004970 0.000016 -0.004937 -0.009888 -0.014832 -0.019768 -0.024692 -0.029600 -0.034491 -0.039362 -0.044208 -0.049028 -0.053819 -0.058577 -0.063299 -0.067984 -0.072627 -0.077227 -0.081781 -0.086285 -0.090737 -0.095134 -0.099474 -0.103755 -0.107972 -0.112125 -0.116210 -0.120226 -0.124168 -0.128036 -0.131827 -0.135539 -0.139168 -0.142714 -0.146174 -0.149546 -0.152828 -0.156018 -0.159114 
0.116235 0.112151 0.107999 0.103782 0.099502 0.095162 0.090765 0.086314 0.081810 0.077257 0.072657 0.068014 0.063330 0.058608 0.053850 0.049060 0.044240 0.039394 0.034524 0.029633 0.024724 0.019801 0.014865 0.009921 0.004970 0.000017 -0.004937 -0.009887 -0.014832 -0.019767 -0.024691 -0.029600 -0.034491 -0.039361 -0.044208 -0.049028 -0.053818 -0.058576 -0.063299 -0.067983 -0.072627 -0.077227 -0.081780 -0.086284 -0.090737 -0.095134 -0.099474 -0.103754 -0.107972 -0.112125 -0.116210 -0.120225 -0.124168 -0.128036 -0.131827 -0.135538 -0.139168 -0.142714 -0.146174 -0.149546 -0.152828 -0.156018 -0.159114 -0.162114 
0.112151 0.107999 0.103782 0.099502 0.095163 0.090766 0.086314 0.081810 0.077257 0.072658 0.068015 0.063331 0.058608 0.053850 0.049060 0.044241 0.039394 0.034524 0.029633 0.024725 0.019801 0.014866 0.009921 0.004971 0.000017 -0.004936 -0.009887 -0.014831 -0.019767 -0.024691 -0.029600 -0.034491 -0.039361 -0.044208 -0.049027 -0.053818 -0.058576 -0.063298 -0.067983 -0.072627 -0.077227 -0.081780 -0.086284 -0.090736 -0.095134 -0.099474 -0.103754 -0.107972 -0.112125 -0.116210 -0.120225 -0.124168 -0.128036 -0.131827 -0.135538 -0.139168 -0.142714 -0.146174 -0.149546 -0.152828 -0.156018 -0.159114 -0.162114 -0.165016 
0.108000 0.103783 0.099503 0.095163 0.090766 0.086315 0.081811 0.077258 0.072658 0.068015 0.063331 0.058609 0.053851 0.049061 0.044241 0.039395 0.034525 0.029634 0.024725 0.019802 0.014866 0.009922 0.004971 0.000018 -0.004936 -0.009886 -0.014831 -0.019767 -0.024690 -0.029599 -0.034490 -0.039361 -0.044207 -0.049027 -0.053817 -0.058575 -0.063298 -0.067983 -0.072626 -0.077226 -0.081780 -0.086284 -0.090736 -0.095133 -0.099474 -0.103754 -0.107972 -0.112124 -0.116209 -0.120225 -0.124167 -0.128035 -0.131826 -0.135538 -0.139168 -0.142714 -0.146174 -0.149546 -0.152828 -0.156017 -0.159113 -0.162113 -0.165016 -0.167819 
0.103783 0.099503 0.095164 0.090767 0.086315 0.081811 0.077258 0.072659 0.068016 0.063331 0.058609 0.053851 0.049061 0.044242 0.039395 0.034525 0.029634 0.024726 0.019802 0.014866 0.009922 0.004971 0.000018 -0.004935 -0.009886 -0.014831 -0.019766 -0.024690 -0.029599 -0.034490 -0.039360 -0.044207 -0.049027 -0.053817 -0.058575 -0.063298 -0.067982 -0.072626 -0.077226 -0.081779 -0.086283 -0.090735 -0.095133 -0.099473 -0.103753 -0.107971 -0.112124 -0.116209 -0.120224 -0.124167 -0.128035 -0.131826 -0.135538 -0.139167 -0.142713 -0.146173 -0.149545 -0.152827 -0.156017 -0.159113 -0.162113 -0.165016 -0.167819 -0.170521 
0.099504 0.095164 0.090767 0.086316 0.081812 0.077259 0.072659 0.068016 0.063332 0.058610 0.053852 0.049062 0.044242 0.039396 0.034526 0.029635 0.024726 0.019802 0.014867 0.009922 0.004972 0.000018 -0.004935 -0.009886 -0.014830 -0.019766 -0.024690 -0.029598 -0.034489 -0.039360 -0.044206 -0.049026 -0.053817 -0.058575 -0.063297 -0.067982 -0.072626 -0.077225 -0.081779 -0.086283 -0.090735 -0.095133 -0.099473 -0.103753 -0.107971 -0.112124 -0.116209 -0.120224 -0.124167 -0.128035 -0.131826 -0.135537 -0.139167 -0.142713 -0.146173 -0.149545 -0.152827 -0.156017 -0.159113 -0.162113 -0.165015 -0.167818 -0.170520 -0.173120 
0.095165 0.090768 0.086316 0.081812 0.077259 0.072660 0.068017 0.063332 0.058610 0.053852 0.049062 0.044243 0.039396 0.034526 0.029635 0.024727 0.019803 0.014867 0.009923 0.004972 0.000019 -0.004935 -0.009885 -0.014830 -0.019765 -0.024689 -0.029598 -0.034489 -0.039359 -0.044206 -0.049026 -0.053816 -0.058574 -0.063297 -0.067982 -0.072625 -0.077225 -0.081778 -0.086283 -0.090735 -0.095132 -0.099472 -0.103753 -0.107971 -0.112123 -0.116209 -0.120224 -0.124167 -0.128035 -0.131825 -0.135537 -0.139167 -0.142713 -0.146173 -0.149545 -0.152827 -0.156017 -0.159113 -0.162113 -0.165015 -0.167818 -0.170520 -0.173119 -0.175614 
0.090768 0.086317 0.081813 0.077260 0.072660 0.068017 0.063333 0.058611 0.053853 0.049063 0.044243 0.039397 0.034527 0.029636 0.024727 0.019803 0.014868 0.009923 0.004973 0.000019 -0.004934 -0.009885 -0.014829 -0.019765 -0.024689 -0.029598 -0.034489 -0.039359 -0.044205 -0.049025 -0.053816 -0.058574 -0.063297 -0.067981 -0.072625 -0.077225 -0.081778 -0.086282 -0.090734 -0.095132 -0.099472 -0.103752 -0.107970 -0.112123 -0.116208 -0.120223 -0.124166 -0.128034 -0.131825 -0.135537 -0.139167 -0.142713 -0.146173 -0.149545 -0.152827 -0.156016 -0.159112 -0.162112 -0.165015 -0.167818 -0.170520 -0.173119 -0.175614 -0.178003 
0.086317 0.081813 0.077260 0.072661 0.068018 0.063334 0.058611 0.053853 0.049063 0.044244 0.039397 0.034527 0.029636 0.024728 0.019804 0.014868 0.009924 0.004973 0.000020 -0.004934 -0.009884 -0.014829 -0.019764 -0.024688 -0.029597 -0.034488 -0.039358 -0.044205 -0.049025 -0.053815 -0.058573 -0.063296 -0.067981 -0.072624 -0.077224 -0.081778 -0.086282 -0.090734 -0.095132 -0.099472 -0.103752 -0.107970 -0.112123 -0.116208 -0.120223 -0.124166 -0.128034 -0.131825 -0.135536 -0.139166 -0.142712 -0.146172 -0.149544 -0.152826 -0.156016 -0.159112 -0.162112 -0.165015 -0.167818 -0.170520 -0.173119 -0.175614 -0.178003 -0.180285 
0.081814 0.077261 0.072662 0.068018 0.063334 0.058612 0.053854 0.049064 0.044244 0.039398 0.034528 0.029637 0.024728 0.019804 0.014869 0.009924 0.004974 0.000020 -0.004933 -0.009884 -0.014828 -0.019764 -0.024688 -0.029597 -0.034488 -0.039358 -0.044205 -0.049024 -0.053815 -0.058573 -0.063296 -0.067980 -0.072624 -0.077224 -0.081777 -0.086281 -0.090734 -0.095131 -0.099471 -0.103752 -0.107969 -0.112122 -0.116207 -0.120223 -0.124166 -0.128034 -0.131825 -0.135536 -0.139166 -0.142712 -0.146172 -0.149544 -0.152826 -0.156016 -0.159112 -0.162112 -0.165014 -0.167817 -0.170519 -0.173119 -0.175614 -0.178003 -0.180285 -0.182458 
0.077262 0.072662 0.068019 0.063335 0.058612 0.053854 0.049064 0.044245 0.039398 0.034528 0.029637 0.024729 0.019805 0.014869 0.009925 0.004974 0.000021 -0.004933 -0.009883 -0.014828 -0.019763 -0.024687 -0.029596 -0.034487 -0.039357 -0.044204 -0.049024 -0.053814 -0.058572 -0.063295 -0.067980 -0.072624 -0.077223 -0.081777 -0.086281 -0.090733 -0.095131 -0.099471 -0.103751 -0.107969 -0.112122 -0.116207 -0.120222 -0.124165 -0.128033 -0.131824 -0.135536 -0.139166 -0.142712 -0.146172 -0.149544 -0.152826 -0.156016 -0.159112 -0.162112 -0.165014 -0.167817 -0.170519 -0.173118 -0.175613 -0.178003 -0.180284 -0.182458 -0.184521 
0.072663 0.068019 0.063335 0.058613 0.053855 0.049065 0.044245 0.039399 0.034529 0.029638 0.024729 0.019805 0.014870 0.009925 0.004975 0.000021 -0.004932 -0.009883 -0.014827 -0.019763 -0.024687 -0.029596 -0.034487 -0.039357 -0.044204 -0.049024 -0.053814 -0.058572 -0.063295 -0.067979 -0.072623 -0.077223 -0.081776 -0.086281 -0.090733 -0.095130 -0.099471 -0.103751 -0.107969 -0.112121 -0.116207 -0.120222 -0.124165 -0.128033 -0.131824 -0.135535 -0.139165 -0.142711 -0.146171 -0.149543 -0.152825 -0.156015 -0.159111 -0.162111 -0.165014 -0.167817 -0.170519 -0.173118 -0.175613 -0.178002 -0.180284 -0.182458 -0.184521 -0.186473 
0.068020 0.063336 0.058613 0.053856 0.049065 0.044246 0.039399 0.034529 0.029638 0.024730 0.019806 0.014870 0.009926 0.004975 0.000022 -0.004932 -0.009882 -0.014827 -0.019762 -0.024686 -0.029595 -0.034486 -0.039357 -0.044203 -0.049023 -0.053814 -0.058572 -0.063294 -0.067979 -0.072623 -0.077223 -0.081776 -0.086280 -0.090732 -0.095130 -0.099470 -0.103750 -0.107968 -0.112121 -0.116206 -0.120222 -0.124164 -0.128033 -0.131823 -0.135535 -0.139165 -0.142711 -0.146171 -0.149543 -0.152825 -0.156015 -0.159111 -0.162111 -0.165014 -0.167817 -0.170519 -0.173118 -0.175613 -0.178002 -0.180284 -0.182457 -0.184521 -0.186473 -0.188313 
0.063336 0.058614 0.053856 0.049066 0.044246 0.039400 0.034530 0.029639 0.024730 0.019807 0.014871 0.009926 0.004976 0.000022 -0.004931 -0.009882 -0.014826 -0.019762 -0.024686 -0.029595 -0.034486 -0.039356 -0.044203 -0.049023 -0.053813 -0.058571 -0.063294 -0.067979 -0.072622 -0.077222 -0.081776 -0.086280 -0.090732 -0.095129 -0.099470 -0.103750 -0.107968 -0.112121 -0.116206 -0.120221 -0.124164 -0.128032 -0.131823 -0.135535 -0.139165 -0.142711 -0.146171 -0.149543 -0.152825 -0.156015 -0.159111 -0.162111 -0.165013 -0.167816 -0.170518 -0.173118 -0.175613 -0.178002 -0.180284 -0.182457 -0.184521 -0.186473 -0.188313 -0.190040 
0.058614 0.053857 0.049066 0.044247 0.039400 0.034530 0.029639 0.024731 0.019807 0.014871 0.009927 0.004976 0.000023 -0.004931 -0.009881 -0.014826 -0.019761 -0.024685 -0.029594 -0.034485 -0.039356 -0.044202 -0.049022 -0.053813 -0.058571 -0.063293 -0.067978 -0.072622 -0.077222 -0.081775 -0.086279 -0.090731 -0.095129 -0.099469 -0.103750 -0.107967 -0.112120 -0.116206 -0.120221 -0.124164 -0.128032 -0.131823 -0.135534 -0.139164 -0.142710 -0.146170 -0.149542 -0.152824 -0.156014 -0.159110 -0.162110 -0.165013 -0.167816 -0.170518 -0.173117 -0.175612 -0.178001 -0.180283 -0.182457 -0.184520 -0.186473 -0.188313 -0.190039 -0.191651 
0.053857 0.049067 0.044247 0.039401 0.034531 0.029640 0.024731 0.019808 0.014872 0.009927 0.004977 0.000023 -0.004930 -0.009881 -0.014825 -0.019761 -0.024685 -0.029594 -0.034485 -0.039355 -0.044202 -0.049022 -0.053812 -0.058570 -0.063293 -0.067978 -0.072621 -0.077221 -0.081775 -0.086279 -0.090731 -0.095129 -0.099469 -0.103749 -0.107967 -0.112120 -0.116205 -0.120220 -0.124163 -0.128031 -0.131822 -0.135534 -0.139164 -0.142710 -0.146170 -0.149542 -0.152824 -0.156014 -0.159110 -0.162110 -0.165013 -0.167816 -0.170518 -0.173117 -0.175612 -0.178001 -0.180283 -0.182457 -0.184520 -0.186472 -0.188313 -0.190039 -0.191651 -0.193148 
0.049068 0.044248 0.039402 0.034531 0.029641 0.024732 0.019808 0.014873 0.009928 0.004978 0.000024 -0.004930 -0.009880 -0.014825 -0.019760 -0.024684 -0.029593 -0.034484 -0.039355 -0.044201 -0.049021 -0.053812 -0.058570 -0.063292 -0.067977 -0.072621 -0.077221 -0.081774 -0.086278 -0.090731 -0.095128 -0.099468 -0.103749 -0.107967 -0.112119 -0.116205 -0.120220 -0.124163 -0.128031 -0.131822 -0.135533 -0.139163 -0.142709 -0.146170 -0.149542 -0.152824 -0.156014 -0.159110 -0.162110 -0.165012 -0.167815 -0.170517 -0.173117 -0.175612 -0.178001 -0.180283 -0.182456 -0.184520 -0.186472 -0.188312 -0.190039 -0.191651 -0.193148 -0.194528 
0.044248 0.039402 0.034532 0.029641 0.024732 0.019809 0.014873 0.009929 0.004978 0.000025 -0.004929 -0.009880 -0.014824 -0.019760 -0.024684 -0.029593 -0.034484 -0.039354 -0.044201 -0.049021 -0.053811 -0.058569 -0.063292 -0.067977 -0.072620 -0.077220 -0.081774 -0.086278 -0.090730 -0.095128 -0.099468 -0.103748 -0.107966 -0.112119 -0.116204 -0.120220 -0.124162 -0.128031 -0.131822 -0.135533 -0.139163 -0.142709 -0.146169 -0.149541 -0.152823 -0.156013 -0.159109 -0.162109 -0.165012 -0.167815 -0.170517 -0.173116 -0.175611 -0.178001 -0.180283 -0.182456 -0.184520 -0.186472 -0.188312 -0.190039 -0.191651 -0.193147 -0.194528 -0.195791 
0.039403 0.034533 0.029642 0.024733 0.019809 0.014874 0.009929 0.004979 0.000025 -0.004928 -0.009879 -0.014824 -0.019759 -0.024683 -0.029592 -0.034483 -0.039353 -0.044200 -0.049020 -0.053811 -0.058569 -0.063291 -0.067976 -0.072620 -0.077220 -0.081773 -0.086277 -0.090730 -0.095127 -0.099468 -0.103748 -0.107966 -0.112119 -0.116204 -0.120219 -0.124162 -0.128030 -0.131821 -0.135533 -0.139163 -0.142709 -0.146169 -0.149541 -0.152823 -0.156013 -0.159109 -0.162109 -0.165012 -0.167815 -0.170517 -0.173116 -0.175611 -0.178000 -0.180282 -0.182456 -0.184519 -0.186472 -0.188312 -0.190038 -0.191650 -0.193147 -0.194528 -0.195791 -0.196936 
0.034533 0.029642 0.024733 0.019810 0.014874 0.009930 0.004979 0.000026 -0.004928 -0.009878 -0.014823 -0.019759 -0.024683 -0.029592 -0.034483 -0.039353 -0.044200 -0.049020 -0.053810 -0.058568 -0.063291 -0.067976 -0.072619 -0.077219 -0.081773 -0.086277 -0.090729 -0.095127 -0.099467 -0.103747 -0.107965 -0.112118 -0.116203 -0.120219 -0.124162 -0.128030 -0.131821 -0.135532 -0.139162 -0.142708 -0.146168 -0.149541 -0.152823 -0.156013 -0.159109 -0.162109 -0.165011 -0.167814 -0.170516 -0.173116 -0.175611 -0.178000 -0.180282 -0.182455 -0.184519 -0.186471 -0.188311 -0.190038 -0.191650 -0.193147 -0.194527 -0.195791 -0.196936 -0.197962 
0.029643 0.024734 0.019810 0.014875 0.009930 0.004980 0.000026 -0.004927 -0.009878 -0.014823 -0.019758 -0.024682 -0.029591 -0.034482 -0.039352 -0.044199 -0.049019 -0.053810 -0.058568 -0.063290 -0.067975 -0.072619 -0.077219 -0.081772 -0.086276 -0.090729 -0.095126 -0.099467 -0.103747 -0.107965 -0.112118 -0.116203 -0.120218 -0.124161 -0.128029 -0.131820 -0.135532 -0.139162 -0.142708 -0.146168 -0.149540 -0.152822 -0.156012 -0.159108 -0.162108 -0.165011 -0.167814 -0.170516 -0.173115 -0.175610 -0.178000 -0.180282 -0.182455 -0.184519 -0.186471 -0.188311 -0.190038 -0.191650 -0.193147 -0.194527 -0.195790 -0.196936 -0.197962 -0.198870 
0.024735 0.019811 0.014875 0.009931 0.004980 0.000027 -0.004927 -0.009877 -0.014822 -0.019758 -0.024682 -0.029590 -0.034482 -0.039352 -0.044199 -0.049019 -0.053809 -0.058567 -0.063290 -0.067975 -0.072618 -0.077218 -0.081772 -0.086276 -0.090728 -0.095126 -0.099466 -0.103746 -0.107964 -0.112117 -0.116203 -0.120218 -0.124161 -0.128029 -0.131820 -0.135531 -0.139161 -0.142707 -0.146168 -0.149540 -0.152822 -0.156012 -0.159108 -0.162108 -0.165010 -0.167814 -0.170516 -0.173115 -0.175610 -0.177999 -0.180281 -0.182455 -0.184518 -0.186471 -0.188311 -0.190037 -0.191650 -0.193146 -0.194527 -0.195790 -0.196935 -0.197962 -0.198869 -0.199657 
0.019811 0.014876 0.009931 0.004981 0.000027 -0.004926 -0.009877 -0.014821 -0.019757 -0.024681 -0.029590 -0.034481 -0.039351 -0.044198 -0.049018 -0.053809 -0.058567 -0.063289 -0.067974 -0.072618 -0.077218 -0.081771 -0.086275 -0.090728 -0.095125 -0.099466 -0.103746 -0.107964 -0.112117 -0.116202 -0.120217 -0.124160 -0.128028 -0.131819 -0.135531 -0.139161 -0.142707 -0.146167 -0.149539 -0.152821 -0.156011 -0.159107 -0.162108 -0.165010 -0.167813 -0.170515 -0.173115 -0.175610 -0.177999 -0.180281 -0.182454 -0.184518 -0.186470 -0.188311 -0.190037 -0.191649 -0.193146 -0.194527 -0.195790 -0.196935 -0.197962 -0.198869 -0.199657 -0.200324 
0.014876 0.009932 0.004981 0.000028 -0.004926 -0.009876 -0.014821 -0.019757 -0.024680 -0.029589 -0.034480 -0.039351 -0.044197 -0.049017 -0.053808 -0.058566 -0.063289 -0.067974 -0.072617 -0.077217 -0.081771 -0.086275 -0.090727 -0.095125 -0.099465 -0.103745 -0.107963 -0.112116 -0.116202 -0.120217 -0.124160 -0.128028 -0.131819 -0.135531 -0.139161 -0.142707 -0.146167 -0.149539 -0.152821 -0.156011 -0.159107 -0.162107 -0.165010 -0.167813 -0.170515 -0.173114 -0.175609 -0.177999 -0.180281 -0.182454 -0.184518 -0.186470 -0.188310 -0.190037 -0.191649 -0.193146 -0.194526 -0.195789 -0.196935 -0.197961 -0.198869 -0.199656 -0.200324 -0.200871 
0.009932 0.004982 0.000028 -0.004925 -0.009876 -0.014820 -0.019756 -0.024680 -0.029589 -0.034480 -0.039350 -0.044197 -0.049017 -0.053807 -0.058566 -0.063288 -0.067973 -0.072617 -0.077217 -0.081770 -0.086274 -0.090727 -0.095124 -0.099465 -0.103745 -0.107963 -0.112116 -0.116201 -0.120216 -0.124159 -0.128027 -0.131818 -0.135530 -0.139160 -0.142706 -0.146166 -0.149539 -0.152821 -0.156011 -0.159107 -0.162107 -0.165009 -0.167812 -0.170515 -0.173114 -0.175609 -0.177998 -0.180280 -0.182454 -0.184517 -0.186470 -0.188310 -0.190037 -0.191649 -0.193146 -0.194526 -0.195789 -0.196934 -0.197961 -0.198869 -0.199656 -0.200324 -0.200870 -0.201296 
0.004982 0.000029 -0.004925 -0.009875 -0.014820 -0.019756 -0.024679 -0.029588 -0.034479 -0.039350 -0.044196 -0.049016 -0.053807 -0.058565 -0.063288 -0.067972 -0.072616 -0.077216 -0.081770 -0.086274 -0.090726 -0.095124 -0.099464 -0.103744 -0.107962 -0.112115 -0.116201 -0.120216 -0.124159 -0.128027 -0.131818 -0.135530 -0.139160 -0.142706 -0.146166 -0.149538 -0.152820 -0.156010 -0.159106 -0.162106 -0.165009 -0.167812 -0.170514 -0.173114 -0.175609 -0.177998 -0.180280 -0.182453 -0.184517 -0.186469 -0.188310 -0.190036 -0.191648 -0.193145 -0.194526 -0.195789 -0.196934 -0.197961 -0.198868 -0.199656 -0.200323 -0.200870 -0.201296 -0.201600 
