-0.000030 0.004924 0.009874 0.014818 0.019754 0.024677 0.029586 0.034477 0.039347 0.044193 0.049013 0.053803 0.058561 0.063283 0.067967 0.072611 0.077210 0.081764 0.086267 0.090719 0.095117 0.099457 0.103737 0.107954 0.112107 0.116192 0.120207 0.124149 0.128017 0.131808 0.135519 0.139149 0.142694 0.146154 0.149526 0.152808 0.155998 0.159093 0.162093 0.164995 0.167798 0.170500 0.173099 0.175594 0.177983 0.180264 0.182438 0.184501 0.186453 0.188293 0.190019 0.191631 0.193128 0.194508 0.195771 0.196916 0.197942 0.198849 0.199637 0.200304 0.200850 0.201276 0.201580 0.201763 
0.004924 0.009874 0.014818 0.019754 0.024677 0.029586 0.034477 0.039347 0.044193 0.049013 0.053803 0.058561 0.063283 0.067967 0.072611 0.077211 0.081764 0.086268 0.090719 0.095117 0.099457 0.103737 0.107954 0.112107 0.116192 0.120207 0.124149 0.128017 0.131808 0.135519 0.139149 0.142695 0.146154 0.149526 0.152808 0.155998 0.159093 0.162093 0.164996 0.167798 0.170500 0.173099 0.175594 0.177983 0.180265 0.182438 0.184501 0.186453 0.188293 0.190019 0.191631 0.193128 0.194508 0.195771 0.196916 0.197942 0.198850 0.199637 0.200304 0.200851 0.201276 0.201580 0.201763 0.201824 
0.009874 0.014818 0.019754 0.024677 0.029586 0.034477 0.039347 0.044193 0.049013 0.053803 0.058561 0.063283 0.067968 0.072611 0.077211 0.081764 0.086268 0.090720 0.095117 0.099457 0.103737 0.107954 0.112107 0.116192 0.120207 0.124150 0.128017 0.131808 0.135519 0.139149 0.142695 0.146155 0.149526 0.152808 0.155998 0.159094 0.162093 0.164996 0.167799 0.170500 0.173099 0.175594 0.177983 0.180265 0.182438 0.184501 0.186453 0.188293 0.190020 0.191632 0.193128 0.194508 0.195771 0.196916 0.197943 0.198850 0.199637 0.200304 0.200851 0.201276 0.201580 0.201763 0.201825 0.201764 
0.014818 0.019754 0.024677 0.029586 0.034477 0.039347 0.044193 0.049013 0.053803 0.058561 0.063283 0.067968 0.072611 0.077211 0.081764 0.086268 0.090720 0.095117 0.099457 0.103737 0.107955 0.112107 0.116192 0.120207 0.124150 0.128018 0.131808 0.135520 0.139149 0.142695 0.146155 0.149527 0.152808 0.155998 0.159094 0.162094 0.164996 0.167799 0.170500 0.173100 0.175594 0.177983 0.180265 0.182438 0.184502 0.186454 0.188293 0.190020 0.191632 0.193128 0.194508 0.195771 0.196916 0.197943 0.198850 0.199637 0.200305 0.200851 0.201276 0.201581 0.201764 0.201825 0.201764 0.201583 
0.019754 0.024677 0.029586 0.034477 0.039347 0.044193 0.049013 0.053803 0.058561 0.063283 0.067968 0.072611 0.077211 0.081764 0.086268 0.090720 0.095117 0.099457 0.103737 0.107955 0.112107 0.116192 0.120207 0.124150 0.128018 0.131808 0.135520 0.139149 0.142695 0.146155 0.149527 0.152809 0.155998 0.159094 0.162094 0.164996 0.167799 0.170501 0.173100 0.175594 0.177983 0.180265 0.182438 0.184502 0.186454 0.188294 0.190020 0.191632 0.193128 0.194509 0.195772 0.196917 0.197943 0.198850 0.199638 0.200305 0.200851 0.201277 0.201581 0.201764 0.201825 0.201765 0.201583 0.201280 
0.024677 0.029586 0.034477 0.039347 0.044193 0.049013 0.053803 0.058561 0.063283 0.067968 0.072611 0.077211 0.081764 0.086268 0.090720 0.095117 0.099457 0.103737 0.107955 0.112107 0.116192 0.120207 0.124150 0.128018 0.131809 0.135520 0.139149 0.142695 0.146155 0.149527 0.152809 0.155998 0.159094 0.162094 0.164996 0.167799 0.170501 0.173100 0.175595 0.177984 0.180265 0.182439 0.184502 0.186454 0.188294 0.190020 0.191632 0.193129 0.194509 0.195772 0.196917 0.197943 0.198851 0.199638 0.200305 0.200852 0.201277 0.201581 0.201764 0.201825 0.201765 0.201583 0.201280 0.200855 
0.029586 0.034477 0.039347 0.044193 0.049013 0.053803 0.058561 0.063283 0.067968 0.072611 0.077211 0.081764 0.086268 0.090720 0.095117 0.099457 0.103737 0.107955 0.112108 0.116193 0.120208 0.124150 0.128018 0.131809 0.135520 0.139150 0.142695 0.146155 0.149527 0.152809 0.155999 0.159094 0.162094 0.164996 0.167799 0.170501 0.173100 0.175595 0.177984 0.180266 0.182439 0.184502 0.186454 0.188294 0.190021 0.191632 0.193129 0.194509 0.195772 0.196917 0.197944 0.198851 0.199638 0.200305 0.200852 0.201277 0.201581 0.201764 0.201826 0.201765 0.201583 0.201280 0.200855 0.200310 
0.034477 0.039347 0.044193 0.049013 0.053803 0.058561 0.063283 0.067968 0.072611 0.077211 0.081764 0.086268 0.090720 0.095117 0.099457 0.103737 0.107955 0.112108 0.116193 0.120208 0.124150 0.128018 0.131809 0.135520 0.139150 0.142696 0.146156 0.149527 0.152809 0.155999 0.159095 0.162094 0.164997 0.167800 0.170501 0.173100 0.175595 0.177984 0.180266 0.182439 0.184502 0.186455 0.188294 0.190021 0.191633 0.193129 0.194509 0.195772 0.196917 0.197944 0.198851 0.199638 0.200306 0.200852 0.201278 0.201582 0.201765 0.201826 0.201765 0.201584 0.201280 0.200856 0.200310 0.199644 
0.039347 0.044193 0.049013 0.053803 0.058561 0.063284 0.067968 0.072611 0.077211 0.081764 0.086268 0.090720 0.095118 0.099458 0.103738 0.107955 0.112108 0.116193 0.120208 0.124150 0.128018 0.131809 0.135520 0.139150 0.142696 0.146156 0.149528 0.152809 0.155999 0.159095 0.162095 0.164997 0.167800 0.170502 0.173101 0.175595 0.177984 0.180266 0.182439 0.184503 0.186455 0.188295 0.190021 0.191633 0.193129 0.194510 0.195773 0.196918 0.197944 0.198851 0.199639 0.200306 0.200852 0.201278 0.201582 0.201765 0.201826 0.201766 0.201584 0.201281 0.200856 0.200311 0.199644 0.198858 
0.044193 0.049013 0.053803 0.058561 0.063284 0.067968 0.072611 0.077211 0.081764 0.086268 0.090720 0.095118 0.099458 0.103738 0.107955 0.112108 0.116193 0.120208 0.124151 0.128018 0.131809 0.135520 0.139150 0.142696 0.146156 0.149528 0.152809 0.155999 0.159095 0.162095 0.164997 0.167800 0.170502 0.173101 0.175596 0.177985 0.180266 0.182440 0.184503 0.186455 0.188295 0.190021 0.191633 0.193130 0.194510 0.195773 0.196918 0.197944 0.198852 0.199639 0.200306 0.200853 0.201278 0.201582 0.201765 0.201826 0.201766 0.201584 0.201281 0.200856 0.200311 0.199645 0.198858 0.197952 
0.049013 0.053803 0.058561 0.063284 0.067968 0.072612 0.077211 0.081764 0.086268 0.090720 0.095118 0.099458 0.103738 0.107955 0.112108 0.116193 0.120208 0.124151 0.128019 0.131809 0.135521 0.139150 0.142696 0.146156 0.149528 0.152810 0.155999 0.159095 0.162095 0.164997 0.167800 0.170502 0.173101 0.175596 0.177985 0.180267 0.182440 0.184503 0.186455 0.188295 0.190022 0.191633 0.193130 0.194510 0.195773 0.196918 0.197945 0.198852 0.199639 0.200306 0.200853 0.201278 0.201583 0.201765 0.201827 0.201766 0.201584 0.201281 0.200857 0.200311 0.199645 0.198858 0.197952 0.196927 
0.053803 0.058561 0.063284 0.067968 0.072612 0.077211 0.081765 0.086269 0.090721 0.095118 0.099458 0.103738 0.107956 0.112108 0.116193 0.120208 0.124151 0.128019 0.131809 0.135521 0.139150 0.142696 0.146156 0.149528 0.152810 0.156000 0.159095 0.162095 0.164998 0.167800 0.170502 0.173101 0.175596 0.177985 0.180267 0.182440 0.184503 0.186456 0.188295 0.190022 0.191634 0.193130 0.194510 0.195773 0.196918 0.197945 0.198852 0.199640 0.200307 0.200853 0.201279 0.201583 0.201766 0.201827 0.201767 0.201585 0.201281 0.200857 0.200311 0.199645 0.198859 0.197952 0.196927 0.195783 
0.058561 0.063284 0.067968 0.072612 0.077211 0.081765 0.086269 0.090721 0.095118 0.099458 0.103738 0.107956 0.112108 0.116193 0.120208 0.124151 0.128019 0.131810 0.135521 0.139151 0.142697 0.146156 0.149528 0.152810 0.156000 0.159096 0.162095 0.164998 0.167801 0.170502 0.173101 0.175596 0.177985 0.180267 0.182440 0.184504 0.186456 0.188296 0.190022 0.191634 0.193131 0.194511 0.195774 0.196919 0.197945 0.198852 0.199640 0.200307 0.200853 0.201279 0.201583 0.201766 0.201827 0.201767 0.201585 0.201282 0.200857 0.200312 0.199645 0.198859 0.197953 0.196927 0.195783 0.194521 
0.063284 0.067968 0.072612 0.077212 0.081765 0.086269 0.090721 0.095118 0.099458 0.103738 0.107956 0.112108 0.116194 0.120209 0.124151 0.128019 0.131810 0.135521 0.139151 0.142697 0.146157 0.149528 0.152810 0.156000 0.159096 0.162096 0.164998 0.167801 0.170503 0.173102 0.175597 0.177986 0.180267 0.182441 0.184504 0.186456 0.188296 0.190022 0.191634 0.193131 0.194511 0.195774 0.196919 0.197945 0.198853 0.199640 0.200307 0.200854 0.201279 0.201583 0.201766 0.201828 0.201767 0.201585 0.201282 0.200858 0.200312 0.199646 0.198859 0.197953 0.196928 0.195783 0.194521 0.193142 
0.067968 0.072612 0.077212 0.081765 0.086269 0.090721 0.095118 0.099458 0.103738 0.107956 0.112109 0.116194 0.120209 0.124151 0.128019 0.131810 0.135521 0.139151 0.142697 0.146157 0.149529 0.152810 0.156000 0.159096 0.162096 0.164998 0.167801 0.170503 0.173102 0.175597 0.177986 0.180268 0.182441 0.184504 0.186456 0.188296 0.190023 0.191635 0.193131 0.194511 0.195774 0.196919 0.197946 0.198853 0.199640 0.200308 0.200854 0.201280 0.201584 0.201767 0.201828 0.201768 0.201586 0.201282 0.200858 0.200312 0.199646 0.198860 0.197953 0.196928 0.195784 0.194522 0.193142 0.191647 
0.072612 0.077212 0.081765 0.086269 0.090721 0.095118 0.099458 0.103738 0.107956 0.112109 0.116194 0.120209 0.124152 0.128019 0.131810 0.135521 0.139151 0.142697 0.146157 0.149529 0.152811 0.156000 0.159096 0.162096 0.164998 0.167801 0.170503 0.173102 0.175597 0.177986 0.180268 0.182441 0.184504 0.186457 0.188296 0.190023 0.191635 0.193131 0.194512 0.195775 0.196920 0.197946 0.198853 0.199641 0.200308 0.200854 0.201280 0.201584 0.201767 0.201828 0.201768 0.201586 0.201283 0.200858 0.200313 0.199646 0.198860 0.197954 0.196928 0.195784 0.194522 0.193143 0.191647 0.190036 
0.077212 0.081765 0.086269 0.090721 0.095118 0.099458 0.103739 0.107956 0.112109 0.116194 0.120209 0.124152 0.128020 0.131810 0.135522 0.139151 0.142697 0.146157 0.149529 0.152811 0.156001 0.159096 0.162096 0.164999 0.167802 0.170503 0.173102 0.175597 0.177986 0.180268 0.182441 0.184505 0.186457 0.188297 0.190023 0.191635 0.193132 0.194512 0.195775 0.196920 0.197946 0.198854 0.199641 0.200308 0.200855 0.201280 0.201584 0.201767 0.201828 0.201768 0.201586 0.201283 0.200859 0.200313 0.199647 0.198860 0.197954 0.196929 0.195784 0.194522 0.193143 0.191647 0.190036 0.188311 
0.081765 0.086269 0.090721 0.095119 0.099459 0.103739 0.107956 0.112109 0.116194 0.120209 0.124152 0.128020 0.131810 0.135522 0.139152 0.142697 0.146157 0.149529 0.152811 0.156001 0.159097 0.162097 0.164999 0.167802 0.170504 0.173103 0.175597 0.177987 0.180268 0.182442 0.184505 0.186457 0.188297 0.190023 0.191635 0.193132 0.194512 0.195775 0.196920 0.197947 0.198854 0.199641 0.200308 0.200855 0.201280 0.201585 0.201768 0.201829 0.201769 0.201587 0.201283 0.200859 0.200313 0.199647 0.198861 0.197954 0.196929 0.195785 0.194523 0.193143 0.191648 0.190037 0.188311 0.186472 
0.086269 0.090721 0.095119 0.099459 0.103739 0.107956 0.112109 0.116194 0.120209 0.124152 0.128020 0.131811 0.135522 0.139152 0.142698 0.146158 0.149529 0.152811 0.156001 0.159097 0.162097 0.164999 0.167802 0.170504 0.173103 0.175598 0.177987 0.180269 0.182442 0.184505 0.186457 0.188297 0.190024 0.191636 0.193132 0.194512 0.195775 0.196921 0.197947 0.198854 0.199642 0.200309 0.200855 0.201281 0.201585 0.201768 0.201829 0.201769 0.201587 0.201284 0.200859 0.200314 0.199647 0.198861 0.197955 0.196929 0.195785 0.194523 0.193144 0.191648 0.190037 0.188312 0.186473 0.184521 
0.090721 0.095119 0.099459 0.103739 0.107957 0.112109 0.116194 0.120209 0.124152 0.128020 0.131811 0.135522 0.139152 0.142698 0.146158 0.149530 0.152811 0.156001 0.159097 0.162097 0.164999 0.167802 0.170504 0.173103 0.175598 0.177987 0.180269 0.182442 0.184505 0.186458 0.188298 0.190024 0.191636 0.193132 0.194513 0.195776 0.196921 0.197947 0.198854 0.199642 0.200309 0.200856 0.201281 0.201585 0.201768 0.201829 0.201769 0.201587 0.201284 0.200860 0.200314 0.199648 0.198861 0.197955 0.196930 0.195785 0.194523 0.193144 0.191649 0.190037 0.188312 0.186473 0.184522 0.182459 
0.095119 0.099459 0.103739 0.107957 0.112109 0.116194 0.120210 0.124152 0.128020 0.131811 0.135522 0.139152 0.142698 0.146158 0.149530 0.152812 0.156001 0.159097 0.162097 0.164999 0.167802 0.170504 0.173103 0.175598 0.177987 0.180269 0.182442 0.184506 0.186458 0.188298 0.190024 0.191636 0.193133 0.194513 0.195776 0.196921 0.197948 0.198855 0.199642 0.200309 0.200856 0.201281 0.201586 0.201769 0.201830 0.201770 0.201588 0.201284 0.200860 0.200314 0.199648 0.198862 0.197955 0.196930 0.195786 0.194524 0.193145 0.191649 0.190038 0.188312 0.186473 0.184522 0.182460 0.180287 
0.099459 0.103739 0.107957 0.112110 0.116195 0.120210 0.124152 0.128020 0.131811 0.135522 0.139152 0.142698 0.146158 0.149530 0.152812 0.156002 0.159097 0.162097 0.165000 0.167803 0.170504 0.173104 0.175598 0.177988 0.180269 0.182443 0.184506 0.186458 0.188298 0.190025 0.191637 0.193133 0.194513 0.195776 0.196921 0.197948 0.198855 0.199643 0.200310 0.200856 0.201282 0.201586 0.201769 0.201830 0.201770 0.201588 0.201285 0.200860 0.200315 0.199649 0.198862 0.197956 0.196930 0.195786 0.194524 0.193145 0.191649 0.190038 0.188313 0.186474 0.184522 0.182460 0.180288 0.178007 
0.103739 0.107957 0.112110 0.116195 0.120210 0.124153 0.128020 0.131811 0.135523 0.139152 0.142698 0.146158 0.149530 0.152812 0.156002 0.159098 0.162098 0.165000 0.167803 0.170505 0.173104 0.175599 0.177988 0.180270 0.182443 0.184506 0.186458 0.188298 0.190025 0.191637 0.193133 0.194514 0.195777 0.196922 0.197948 0.198855 0.199643 0.200310 0.200857 0.201282 0.201586 0.201769 0.201831 0.201770 0.201588 0.201285 0.200861 0.200315 0.199649 0.198862 0.197956 0.196931 0.195787 0.194524 0.193145 0.191650 0.190039 0.188313 0.186474 0.184523 0.182460 0.180288 0.178007 0.175619 
0.107957 0.112110 0.116195 0.120210 0.124153 0.128021 0.131811 0.135523 0.139153 0.142699 0.146158 0.149530 0.152812 0.156002 0.159098 0.162098 0.165000 0.167803 0.170505 0.173104 0.175599 0.177988 0.180270 0.182443 0.184507 0.186459 0.188299 0.190025 0.191637 0.193134 0.194514 0.195777 0.196922 0.197949 0.198856 0.199643 0.200310 0.200857 0.201282 0.201587 0.201770 0.201831 0.201771 0.201589 0.201285 0.200861 0.200315 0.199649 0.198863 0.197957 0.196931 0.195787 0.194525 0.193146 0.191650 0.190039 0.188313 0.186475 0.184523 0.182461 0.180288 0.178007 0.175619 0.173125 
0.112110 0.116195 0.120210 0.124153 0.128021 0.131812 0.135523 0.139153 0.142699 0.146159 0.149531 0.152812 0.156002 0.159098 0.162098 0.165000 0.167803 0.170505 0.173104 0.175599 0.177988 0.180270 0.182443 0.184507 0.186459 0.188299 0.190025 0.191637 0.193134 0.194514 0.195777 0.196922 0.197949 0.198856 0.199644 0.200311 0.200857 0.201283 0.201587 0.201770 0.201831 0.201771 0.201589 0.201286 0.200861 0.200316 0.199650 0.198863 0.197957 0.196931 0.195787 0.194525 0.193146 0.191650 0.190039 0.188314 0.186475 0.184524 0.182461 0.180289 0.178008 0.175620 0.173126 0.170527 
0.116195 0.120210 0.124153 0.128021 0.131812 0.135523 0.139153 0.142699 0.146159 0.149531 0.152813 0.156002 0.159098 0.162098 0.165001 0.167804 0.170505 0.173105 0.175599 0.177989 0.180270 0.182444 0.184507 0.186459 0.188299 0.190026 0.191638 0.193134 0.194514 0.195778 0.196923 0.197949 0.198856 0.199644 0.200311 0.200858 0.201283 0.201587 0.201770 0.201832 0.201771 0.201589 0.201286 0.200862 0.200316 0.199650 0.198864 0.197957 0.196932 0.195788 0.194526 0.193146 0.191651 0.190040 0.188314 0.186475 0.184524 0.182462 0.180289 0.178008 0.175620 0.173126 0.170528 0.167827 
0.120210 0.124153 0.128021 0.131812 0.135523 0.139153 0.142699 0.146159 0.149531 0.152813 0.156003 0.159098 0.162098 0.165001 0.167804 0.170506 0.173105 0.175600 0.177989 0.180271 0.182444 0.184507 0.186460 0.188299 0.190026 0.191638 0.193135 0.194515 0.195778 0.196923 0.197949 0.198857 0.199644 0.200311 0.200858 0.201283 0.201588 0.201771 0.201832 0.201772 0.201590 0.201287 0.200862 0.200317 0.199650 0.198864 0.197958 0.196932 0.195788 0.194526 0.193147 0.191651 0.190040 0.188315 0.186476 0.184524 0.182462 0.180290 0.178009 0.175620 0.173126 0.170528 0.167827 0.165025 
0.124153 0.128021 0.131812 0.135523 0.139153 0.142699 0.146159 0.149531 0.152813 0.156003 0.159099 0.162099 0.165001 0.167804 0.170506 0.173105 0.175600 0.177989 0.180271 0.182444 0.184508 0.186460 0.188300 0.190026 0.191638 0.193135 0.194515 0.195778 0.196923 0.197950 0.198857 0.199645 0.200312 0.200858 0.201284 0.201588 0.201771 0.201832 0.201772 0.201590 0.201287 0.200862 0.200317 0.199651 0.198864 0.197958 0.196933 0.195788 0.194526 0.193147 0.191652 0.190041 0.188315 0.186476 0.184525 0.182462 0.180290 0.178009 0.175621 0.173127 0.170529 0.167828 0.165025 0.162124 
0.128021 0.131812 0.135524 0.139153 0.142699 0.146159 0.149531 0.152813 0.156003 0.159099 0.162099 0.165001 0.167804 0.170506 0.173105 0.175600 0.177989 0.180271 0.182444 0.184508 0.186460 0.188300 0.190027 0.191639 0.193135 0.194515 0.195778 0.196924 0.197950 0.198857 0.199645 0.200312 0.200859 0.201284 0.201588 0.201771 0.201833 0.201772 0.201591 0.201287 0.200863 0.200317 0.199651 0.198865 0.197958 0.196933 0.195789 0.194527 0.193148 0.191652 0.190041 0.188315 0.186477 0.184525 0.182463 0.180290 0.178009 0.175621 0.173127 0.170529 0.167828 0.165026 0.162124 0.159125 
0.131812 0.135524 0.139154 0.142700 0.146160 0.149532 0.152813 0.156003 0.159099 0.162099 0.165001 0.167804 0.170506 0.173106 0.175600 0.177990 0.180271 0.182445 0.184508 0.186460 0.188300 0.190027 0.191639 0.193135 0.194516 0.195779 0.196924 0.197950 0.198858 0.199645 0.200312 0.200859 0.201284 0.201589 0.201772 0.201833 0.201773 0.201591 0.201288 0.200863 0.200318 0.199652 0.198865 0.197959 0.196933 0.195789 0.194527 0.193148 0.191652 0.190041 0.188316 0.186477 0.184526 0.182463 0.180291 0.178010 0.175622 0.173128 0.170529 0.167828 0.165026 0.162125 0.159126 0.156031 
0.135524 0.139154 0.142700 0.146160 0.149532 0.152814 0.156003 0.159099 0.162099 0.165002 0.167805 0.170507 0.173106 0.175601 0.177990 0.180272 0.182445 0.184508 0.186461 0.188301 0.190027 0.191639 0.193136 0.194516 0.195779 0.196924 0.197951 0.198858 0.199645 0.200313 0.200859 0.201285 0.201589 0.201772 0.201833 0.201773 0.201591 0.201288 0.200864 0.200318 0.199652 0.198865 0.197959 0.196934 0.195790 0.194528 0.193148 0.191653 0.190042 0.188316 0.186477 0.184526 0.182464 0.180291 0.178010 0.175622 0.173128 0.170530 0.167829 0.165027 0.162125 0.159126 0.156031 0.152842 
0.139154 0.142700 0.146160 0.149532 0.152814 0.156004 0.159100 0.162100 0.165002 0.167805 0.170507 0.173106 0.175601 0.177990 0.180272 0.182445 0.184509 0.186461 0.188301 0.190027 0.191639 0.193136 0.194516 0.195779 0.196925 0.197951 0.198858 0.199646 0.200313 0.200860 0.201285 0.201589 0.201772 0.201834 0.201773 0.201592 0.201288 0.200864 0.200318 0.199652 0.198866 0.197960 0.196934 0.195790 0.194528 0.193149 0.191653 0.190042 0.188317 0.186478 0.184526 0.182464 0.180292 0.178011 0.175623 0.173129 0.170530 0.167829 0.165027 0.162126 0.159127 0.156032 0.152842 0.149561 
0.142700 0.146160 0.149532 0.152814 0.156004 0.159100 0.162100 0.165002 0.167805 0.170507 0.173106 0.175601 0.177990 0.180272 0.182445 0.184509 0.186461 0.188301 0.190028 0.191640 0.193136 0.194517 0.195780 0.196925 0.197951 0.198859 0.199646 0.200313 0.200860 0.201286 0.201590 0.201773 0.201834 0.201774 0.201592 0.201289 0.200864 0.200319 0.199653 0.198866 0.197960 0.196935 0.195790 0.194528 0.193149 0.191654 0.190043 0.188317 0.186478 0.184527 0.182464 0.180292 0.178011 0.175623 0.173129 0.170531 0.167830 0.165028 0.162126 0.159127 0.156032 0.152843 0.149562 0.146191 
0.146160 0.149532 0.152814 0.156004 0.159100 0.162100 0.165002 0.167805 0.170507 0.173106 0.175601 0.177990 0.180272 0.182446 0.184509 0.186461 0.188301 0.190028 0.191640 0.193137 0.194517 0.195780 0.196925 0.197952 0.198859 0.199646 0.200314 0.200860 0.201286 0.201590 0.201773 0.201834 0.201774 0.201592 0.201289 0.200865 0.200319 0.199653 0.198867 0.197960 0.196935 0.195791 0.194529 0.193150 0.191654 0.190043 0.188318 0.186479 0.184527 0.182465 0.180293 0.178012 0.175623 0.173129 0.170531 0.167830 0.165028 0.162127 0.159127 0.156032 0.152843 0.149562 0.146191 0.142732 
0.149532 0.152814 0.156004 0.159100 0.162100 0.165003 0.167806 0.170507 0.173107 0.175602 0.177991 0.180273 0.182446 0.184509 0.186462 0.188302 0.190028 0.191640 0.193137 0.194517 0.195780 0.196925 0.197952 0.198859 0.199647 0.200314 0.200861 0.201286 0.201591 0.201773 0.201835 0.201775 0.201593 0.201290 0.200865 0.200320 0.199653 0.198867 0.197961 0.196935 0.195791 0.194529 0.193150 0.191655 0.190043 0.188318 0.186479 0.184528 0.182465 0.180293 0.178012 0.175624 0.173130 0.170532 0.167831 0.165029 0.162127 0.159128 0.156033 0.152844 0.149563 0.146192 0.142732 0.139187 
0.152815 0.156004 0.159100 0.162100 0.165003 0.167806 0.170508 0.173107 0.175602 0.177991 0.180273 0.182446 0.184510 0.186462 0.188302 0.190028 0.191641 0.193137 0.194517 0.195781 0.196926 0.197952 0.198860 0.199647 0.200314 0.200861 0.201287 0.201591 0.201774 0.201835 0.201775 0.201593 0.201290 0.200865 0.200320 0.199654 0.198867 0.197961 0.196936 0.195792 0.194530 0.193150 0.191655 0.190044 0.188318 0.186479 0.184528 0.182466 0.180293 0.178013 0.175624 0.173130 0.170532 0.167831 0.165029 0.162128 0.159128 0.156033 0.152844 0.149563 0.146192 0.142733 0.139188 0.135558 
0.156005 0.159100 0.162101 0.165003 0.167806 0.170508 0.173107 0.175602 0.177991 0.180273 0.182447 0.184510 0.186462 0.188302 0.190029 0.191641 0.193137 0.194518 0.195781 0.196926 0.197953 0.198860 0.199647 0.200315 0.200861 0.201287 0.201591 0.201774 0.201836 0.201775 0.201594 0.201290 0.200866 0.200320 0.199654 0.198868 0.197962 0.196936 0.195792 0.194530 0.193151 0.191655 0.190044 0.188319 0.186480 0.184529 0.182466 0.180294 0.178013 0.175625 0.173131 0.170533 0.167832 0.165029 0.162128 0.159129 0.156034 0.152845 0.149564 0.146192 0.142733 0.139188 0.135559 0.131848 
0.159101 0.162101 0.165003 0.167806 0.170508 0.173107 0.175602 0.177991 0.180273 0.182447 0.184510 0.186463 0.188302 0.190029 0.191641 0.193138 0.194518 0.195781 0.196926 0.197953 0.198860 0.199648 0.200315 0.200862 0.201287 0.201592 0.201775 0.201836 0.201776 0.201594 0.201291 0.200866 0.200321 0.199655 0.198868 0.197962 0.196937 0.195793 0.194531 0.193151 0.191656 0.190045 0.188319 0.186480 0.184529 0.182467 0.180294 0.178013 0.175625 0.173131 0.170533 0.167832 0.165030 0.162128 0.159129 0.156034 0.152845 0.149564 0.146193 0.142734 0.139188 0.135559 0.131849 0.128058 
0.162101 0.165003 0.167806 0.170508 0.173108 0.175603 0.177992 0.180274 0.182447 0.184510 0.186463 0.188303 0.190029 0.191641 0.193138 0.194518 0.195781 0.196927 0.197953 0.198861 0.199648 0.200315 0.200862 0.201288 0.201592 0.201775 0.201836 0.201776 0.201594 0.201291 0.200867 0.200321 0.199655 0.198869 0.197962 0.196937 0.195793 0.194531 0.193152 0.191656 0.190045 0.188320 0.186481 0.184530 0.182467 0.180295 0.178014 0.175626 0.173132 0.170533 0.167833 0.165030 0.162129 0.159130 0.156035 0.152846 0.149565 0.146193 0.142734 0.139189 0.135560 0.131849 0.128059 0.124192 
0.165004 0.167807 0.170509 0.173108 0.175603 0.177992 0.180274 0.182447 0.184511 0.186463 0.188303 0.190030 0.191642 0.193138 0.194519 0.195782 0.196927 0.197954 0.198861 0.199648 0.200316 0.200862 0.201288 0.201592 0.201775 0.201837 0.201776 0.201595 0.201291 0.200867 0.200322 0.199655 0.198869 0.197963 0.196937 0.195793 0.194531 0.193152 0.191657 0.190046 0.188320 0.186481 0.184530 0.182468 0.180295 0.178014 0.175626 0.173132 0.170534 0.167833 0.165031 0.162129 0.159130 0.156035 0.152846 0.149565 0.146194 0.142735 0.139189 0.135560 0.131850 0.128059 0.124192 0.120250 
0.167807 0.170509 0.173108 0.175603 0.177992 0.180274 0.182447 0.184511 0.186463 0.188303 0.190030 0.191642 0.193139 0.194519 0.195782 0.196927 0.197954 0.198861 0.199649 0.200316 0.200863 0.201288 0.201593 0.201776 0.201837 0.201777 0.201595 0.201292 0.200867 0.200322 0.199656 0.198869 0.197963 0.196938 0.195794 0.194532 0.193153 0.191657 0.190046 0.188321 0.186482 0.184530 0.182468 0.180296 0.178015 0.175627 0.173133 0.170534 0.167833 0.165031 0.162130 0.159131 0.156036 0.152847 0.149566 0.146194 0.142735 0.139190 0.135561 0.131850 0.128060 0.124193 0.120251 0.116236 
0.170509 0.173108 0.175603 0.177992 0.180274 0.182448 0.184511 0.186464 0.188304 0.190030 0.191642 0.193139 0.194519 0.195782 0.196928 0.197954 0.198862 0.199649 0.200316 0.200863 0.201289 0.201593 0.201776 0.201837 0.201777 0.201595 0.201292 0.200868 0.200322 0.199656 0.198870 0.197964 0.196938 0.195794 0.194532 0.193153 0.191657 0.190046 0.188321 0.186482 0.184531 0.182468 0.180296 0.178015 0.175627 0.173133 0.170535 0.167834 0.165032 0.162130 0.159131 0.156036 0.152847 0.149566 0.146195 0.142736 0.139190 0.135561 0.131851 0.128060 0.124193 0.120251 0.116236 0.112152 
0.173108 0.175603 0.177993 0.180275 0.182448 0.184511 0.186464 0.188304 0.190030 0.191642 0.193139 0.194519 0.195783 0.196928 0.197954 0.198862 0.199649 0.200317 0.200863 0.201289 0.201593 0.201776 0.201838 0.201777 0.201596 0.201293 0.200868 0.200323 0.199657 0.198870 0.197964 0.196939 0.195795 0.194533 0.193153 0.191658 0.190047 0.188321 0.186483 0.184531 0.182469 0.180297 0.178016 0.175628 0.173134 0.170535 0.167834 0.165032 0.162131 0.159132 0.156037 0.152848 0.149567 0.146195 0.142736 0.139191 0.135562 0.131851 0.128061 0.124194 0.120252 0.116237 0.112152 0.108000 
0.175604 0.177993 0.180275 0.182448 0.184512 0.186464 0.188304 0.190031 0.191643 0.193139 0.194520 0.195783 0.196928 0.197955 0.198862 0.199650 0.200317 0.200864 0.201289 0.201594 0.201777 0.201838 0.201778 0.201596 0.201293 0.200868 0.200323 0.199657 0.198871 0.197964 0.196939 0.195795 0.194533 0.193154 0.191658 0.190047 0.188322 0.186483 0.184532 0.182469 0.180297 0.178016 0.175628 0.173134 0.170536 0.167835 0.165033 0.162131 0.159132 0.156037 0.152848 0.149567 0.146196 0.142737 0.139191 0.135562 0.131852 0.128061 0.124194 0.120252 0.116237 0.112153 0.108001 0.103784 
0.177993 0.180275 0.182448 0.184512 0.186464 0.188304 0.190031 0.191643 0.193140 0.194520 0.195783 0.196928 0.197955 0.198862 0.199650 0.200317 0.200864 0.201290 0.201594 0.201777 0.201838 0.201778 0.201596 0.201293 0.200869 0.200323 0.199657 0.198871 0.197965 0.196939 0.195795 0.194533 0.193154 0.191659 0.190048 0.188322 0.186483 0.184532 0.182470 0.180298 0.178017 0.175628 0.173135 0.170536 0.167835 0.165033 0.162132 0.159133 0.156038 0.152849 0.149568 0.146196 0.142737 0.139192 0.135563 0.131852 0.128062 0.124195 0.120253 0.116238 0.112153 0.108001 0.103784 0.099504 
0.180275 0.182449 0.184512 0.186464 0.188305 0.190031 0.191643 0.193140 0.194520 0.195783 0.196929 0.197955 0.198863 0.199650 0.200318 0.200864 0.201290 0.201594 0.201777 0.201839 0.201779 0.201597 0.201294 0.200869 0.200324 0.199658 0.198871 0.197965 0.196940 0.195796 0.194534 0.193155 0.191659 0.190048 0.188323 0.186484 0.184533 0.182470 0.180298 0.178017 0.175629 0.173135 0.170537 0.167836 0.165034 0.162132 0.159133 0.156038 0.152849 0.149568 0.146197 0.142738 0.139192 0.135563 0.131853 0.128062 0.124195 0.120253 0.116238 0.112154 0.108002 0.103785 0.099505 0.095165 
0.182449 0.184512 0.186465 0.188305 0.190031 0.191644 0.193140 0.194521 0.195784 0.196929 0.197956 0.198863 0.199651 0.200318 0.200865 0.201290 0.201595 0.201778 0.201839 0.201779 0.201597 0.201294 0.200870 0.200324 0.199658 0.198872 0.197966 0.196940 0.195796 0.194534 0.193155 0.191660 0.190049 0.188323 0.186484 0.184533 0.182471 0.180298 0.178018 0.175629 0.173135 0.170537 0.167836 0.165034 0.162133 0.159134 0.156039 0.152850 0.149569 0.146197 0.142738 0.139193 0.135564 0.131853 0.128063 0.124196 0.120254 0.116239 0.112154 0.108002 0.103785 0.099505 0.095166 0.090769 
0.184513 0.186465 0.188305 0.190032 0.191644 0.193140 0.194521 0.195784 0.196929 0.197956 0.198863 0.199651 0.200318 0.200865 0.201291 0.201595 0.201778 0.201839 0.201779 0.201597 0.201294 0.200870 0.200325 0.199658 0.198872 0.197966 0.196941 0.195797 0.194535 0.193156 0.191660 0.190049 0.188324 0.186485 0.184534 0.182471 0.180299 0.178018 0.175630 0.173136 0.170538 0.167837 0.165035 0.162133 0.159134 0.156039 0.152850 0.149569 0.146198 0.142739 0.139193 0.135564 0.131854 0.128063 0.124196 0.120254 0.116240 0.112155 0.108003 0.103786 0.099506 0.095166 0.090769 0.086318 
0.186465 0.188305 0.190032 0.191644 0.193141 0.194521 0.195784 0.196930 0.197956 0.198864 0.199651 0.200319 0.200865 0.201291 0.201595 0.201778 0.201840 0.201780 0.201598 0.201295 0.200870 0.200325 0.199659 0.198873 0.197966 0.196941 0.195797 0.194535 0.193156 0.191660 0.190049 0.188324 0.186485 0.184534 0.182472 0.180299 0.178018 0.175630 0.173136 0.170538 0.167837 0.165035 0.162134 0.159135 0.156040 0.152851 0.149570 0.146198 0.142739 0.139194 0.135565 0.131854 0.128064 0.124197 0.120255 0.116240 0.112155 0.108003 0.103786 0.099506 0.095167 0.090770 0.086318 0.081814 
0.188305 0.190032 0.191644 0.193141 0.194521 0.195785 0.196930 0.197956 0.198864 0.199651 0.200319 0.200865 0.201291 0.201596 0.201779 0.201840 0.201780 0.201598 0.201295 0.200871 0.200325 0.199659 0.198873 0.197967 0.196941 0.195797 0.194535 0.193156 0.191661 0.190050 0.188324 0.186486 0.184534 0.182472 0.180300 0.178019 0.175631 0.173137 0.170539 0.167838 0.165036 0.162134 0.159135 0.156040 0.152851 0.149570 0.146199 0.142740 0.139194 0.135565 0.131855 0.128065 0.124197 0.120255 0.116241 0.112156 0.108004 0.103787 0.099507 0.095167 0.090770 0.086319 0.081815 0.077262 
0.190032 0.191644 0.193141 0.194522 0.195785 0.196930 0.197957 0.198864 0.199652 0.200319 0.200866 0.201291 0.201596 0.201779 0.201840 0.201780 0.201599 0.201295 0.200871 0.200326 0.199660 0.198873 0.197967 0.196942 0.195798 0.194536 0.193157 0.191661 0.190050 0.188325 0.186486 0.184535 0.182472 0.180300 0.178019 0.175631 0.173137 0.170539 0.167838 0.165036 0.162135 0.159136 0.156041 0.152852 0.149571 0.146199 0.142740 0.139195 0.135566 0.131855 0.128065 0.124198 0.120256 0.116241 0.112157 0.108004 0.103787 0.099507 0.095168 0.090771 0.086319 0.081816 0.077263 0.072663 
0.191645 0.193141 0.194522 0.195785 0.196930 0.197957 0.198864 0.199652 0.200319 0.200866 0.201292 0.201596 0.201779 0.201841 0.201781 0.201599 0.201296 0.200871 0.200326 0.199660 0.198874 0.197968 0.196942 0.195798 0.194536 0.193157 0.191662 0.190051 0.188325 0.186486 0.184535 0.182473 0.180301 0.178020 0.175632 0.173138 0.170540 0.167839 0.165037 0.162135 0.159136 0.156041 0.152852 0.149571 0.146200 0.142741 0.139195 0.135566 0.131856 0.128066 0.124198 0.120256 0.116242 0.112157 0.108005 0.103788 0.099508 0.095168 0.090771 0.086320 0.081816 0.077263 0.072664 0.068020 
0.193142 0.194522 0.195785 0.196931 0.197957 0.198865 0.199652 0.200320 0.200866 0.201292 0.201596 0.201780 0.201841 0.201781 0.201599 0.201296 0.200872 0.200326 0.199660 0.198874 0.197968 0.196943 0.195799 0.194537 0.193158 0.191662 0.190051 0.188326 0.186487 0.184536 0.182473 0.180301 0.178020 0.175632 0.173138 0.170540 0.167839 0.165037 0.162136 0.159137 0.156042 0.152853 0.149572 0.146200 0.142741 0.139196 0.135567 0.131856 0.128066 0.124199 0.120257 0.116242 0.112158 0.108005 0.103788 0.099509 0.095169 0.090772 0.086320 0.081817 0.077264 0.072664 0.068021 0.063337 
0.194522 0.195786 0.196931 0.197957 0.198865 0.199653 0.200320 0.200867 0.201292 0.201597 0.201780 0.201841 0.201781 0.201600 0.201296 0.200872 0.200327 0.199661 0.198874 0.197968 0.196943 0.195799 0.194537 0.193158 0.191662 0.190052 0.188326 0.186487 0.184536 0.182474 0.180302 0.178021 0.175633 0.173139 0.170540 0.167840 0.165038 0.162136 0.159137 0.156042 0.152853 0.149572 0.146201 0.142742 0.139196 0.135567 0.131857 0.128067 0.124199 0.120257 0.116243 0.112158 0.108006 0.103789 0.099509 0.095169 0.090772 0.086321 0.081817 0.077264 0.072665 0.068021 0.063337 0.058615 
0.195786 0.196931 0.197958 0.198865 0.199653 0.200320 0.200867 0.201293 0.201597 0.201780 0.201842 0.201781 0.201600 0.201297 0.200872 0.200327 0.199661 0.198875 0.197969 0.196943 0.195799 0.194537 0.193158 0.191663 0.190052 0.188327 0.186488 0.184537 0.182474 0.180302 0.178021 0.175633 0.173139 0.170541 0.167840 0.165038 0.162137 0.159137 0.156042 0.152854 0.149572 0.146201 0.142742 0.139197 0.135568 0.131857 0.128067 0.124200 0.120258 0.116243 0.112159 0.108007 0.103789 0.099510 0.095170 0.090773 0.086321 0.081818 0.077265 0.072665 0.068022 0.063338 0.058615 0.053858 
0.196931 0.197958 0.198865 0.199653 0.200320 0.200867 0.201293 0.201597 0.201780 0.201842 0.201782 0.201600 0.201297 0.200873 0.200327 0.199661 0.198875 0.197969 0.196944 0.195800 0.194538 0.193159 0.191663 0.190052 0.188327 0.186488 0.184537 0.182475 0.180302 0.178022 0.175633 0.173140 0.170541 0.167840 0.165038 0.162137 0.159138 0.156043 0.152854 0.149573 0.146202 0.142743 0.139197 0.135568 0.131858 0.128068 0.124200 0.120258 0.116244 0.112159 0.108007 0.103790 0.099510 0.095171 0.090774 0.086322 0.081818 0.077265 0.072666 0.068023 0.063338 0.058616 0.053858 0.049068 
0.197958 0.198866 0.199653 0.200321 0.200867 0.201293 0.201598 0.201781 0.201842 0.201782 0.201600 0.201297 0.200873 0.200328 0.199662 0.198875 0.197969 0.196944 0.195800 0.194538 0.193159 0.191664 0.190053 0.188327 0.186489 0.184537 0.182475 0.180303 0.178022 0.175634 0.173140 0.170542 0.167841 0.165039 0.162137 0.159138 0.156043 0.152854 0.149573 0.146202 0.142743 0.139198 0.135569 0.131858 0.128068 0.124201 0.120259 0.116244 0.112160 0.108008 0.103790 0.099511 0.095171 0.090774 0.086322 0.081819 0.077266 0.072666 0.068023 0.063339 0.058616 0.053859 0.049069 0.044249 
0.198866 0.199654 0.200321 0.200868 0.201293 0.201598 0.201781 0.201842 0.201782 0.201601 0.201298 0.200873 0.200328 0.199662 0.198876 0.197970 0.196944 0.195800 0.194539 0.193159 0.191664 0.190053 0.188328 0.186489 0.184538 0.182475 0.180303 0.178022 0.175634 0.173140 0.170542 0.167841 0.165039 0.162138 0.159139 0.156044 0.152855 0.149574 0.146203 0.142744 0.139198 0.135569 0.131859 0.128069 0.124201 0.120259 0.116245 0.112160 0.108008 0.103791 0.099511 0.095172 0.090775 0.086323 0.081819 0.077266 0.072667 0.068024 0.063339 0.058617 0.053859 0.049069 0.044250 0.039403 
0.199654 0.200321 0.200868 0.201294 0.201598 0.201781 0.201843 0.201783 0.201601 0.201298 0.200874 0.200328 0.199662 0.198876 0.197970 0.196945 0.195801 0.194539 0.193160 0.191664 0.190053 0.188328 0.186489 0.184538 0.182476 0.180304 0.178023 0.175635 0.173141 0.170543 0.167842 0.165040 0.162138 0.159139 0.156044 0.152855 0.149574 0.146203 0.142744 0.139199 0.135570 0.131859 0.128069 0.124202 0.120260 0.116245 0.112161 0.108009 0.103791 0.099512 0.095172 0.090775 0.086324 0.081820 0.077267 0.072667 0.068024 0.063340 0.058618 0.053860 0.049070 0.044250 0.039404 0.034534 
0.200321 0.200868 0.201294 0.201598 0.201782 0.201843 0.201783 0.201601 0.201298 0.200874 0.200329 0.199663 0.198876 0.197970 0.196945 0.195801 0.194539 0.193160 0.191665 0.190054 0.188329 0.186490 0.184539 0.182476 0.180304 0.178023 0.175635 0.173141 0.170543 0.167842 0.165040 0.162139 0.159140 0.156045 0.152856 0.149575 0.146204 0.142745 0.139199 0.135570 0.131860 0.128070 0.124202 0.120260 0.116246 0.112161 0.108009 0.103792 0.099512 0.095173 0.090776 0.086324 0.081820 0.077267 0.072668 0.068025 0.063341 0.058618 0.053860 0.049070 0.044251 0.039404 0.034534 0.029643 
0.200868 0.201294 0.201599 0.201782 0.201843 0.201783 0.201602 0.201299 0.200874 0.200329 0.199663 0.198877 0.197971 0.196945 0.195801 0.194540 0.193161 0.191665 0.190054 0.188329 0.186490 0.184539 0.182477 0.180304 0.178024 0.175636 0.173142 0.170544 0.167843 0.165041 0.162139 0.159140 0.156045 0.152856 0.149575 0.146204 0.142745 0.139200 0.135571 0.131860 0.128070 0.124203 0.120261 0.116246 0.112162 0.108010 0.103793 0.099513 0.095173 0.090776 0.086325 0.081821 0.077268 0.072669 0.068025 0.063341 0.058619 0.053861 0.049071 0.044251 0.039405 0.034535 0.029644 0.024735 
0.201294 0.201599 0.201782 0.201844 0.201783 0.201602 0.201299 0.200875 0.200329 0.199663 0.198877 0.197971 0.196946 0.195802 0.194540 0.193161 0.191665 0.190055 0.188329 0.186490 0.184539 0.182477 0.180305 0.178024 0.175636 0.173142 0.170544 0.167843 0.165041 0.162140 0.159141 0.156046 0.152857 0.149576 0.146205 0.142746 0.139200 0.135571 0.131861 0.128071 0.124203 0.120261 0.116247 0.112162 0.108010 0.103793 0.099513 0.095174 0.090777 0.086325 0.081821 0.077269 0.072669 0.068026 0.063342 0.058619 0.053862 0.049071 0.044252 0.039405 0.034535 0.029644 0.024736 0.019812 
0.201599 0.201782 0.201844 0.201784 0.201602 0.201299 0.200875 0.200330 0.199664 0.198877 0.197971 0.196946 0.195802 0.194540 0.193161 0.191666 0.190055 0.188330 0.186491 0.184540 0.182477 0.180305 0.178024 0.175636 0.173143 0.170544 0.167844 0.165042 0.162140 0.159141 0.156046 0.152857 0.149576 0.146205 0.142746 0.139201 0.135572 0.131861 0.128071 0.124204 0.120262 0.116247 0.112163 0.108011 0.103794 0.099514 0.095174 0.090777 0.086326 0.081822 0.077269 0.072670 0.068026 0.063342 0.058620 0.053862 0.049072 0.044252 0.039406 0.034536 0.029645 0.024736 0.019813 0.014877 
0.201783 0.201844 0.201784 0.201602 0.201299 0.200875 0.200330 0.199664 0.198878 0.197972 0.196946 0.195802 0.194541 0.193162 0.191666 0.190055 0.188330 0.186491 0.184540 0.182478 0.180306 0.178025 0.175637 0.173143 0.170545 0.167844 0.165042 0.162141 0.159142 0.156047 0.152858 0.149577 0.146206 0.142747 0.139201 0.135572 0.131862 0.128072 0.124204 0.120262 0.116248 0.112163 0.108011 0.103794 0.099514 0.095175 0.090778 0.086326 0.081823 0.077270 0.072670 0.068027 0.063343 0.058620 0.053863 0.049073 0.044253 0.039406 0.034536 0.029646 0.024737 0.019813 0.014878 0.009933 
