2.618986437988281235e+00
2.478364249420165866e+00
2.340425128555297718e+00
2.205936564636230557e+00
2.075978920364379920e+00
1.947766146087646533e+00
1.823272513961792018e+00
1.701664772987365737e+00
1.583834737396240255e+00
1.469971583747863741e+00
1.359917009925842191e+00
1.255230394554138096e+00
1.156541617012023959e+00
1.064225965690612785e+00
9.774578634262085508e-01
8.977440581321716184e-01
8.241935454368590763e-01
7.564158563613891939e-01
6.941115953445434750e-01
6.374678486824035817e-01
5.865758865356445195e-01
5.415011569976806438e-01
4.999279106140136486e-01
4.641744060039520448e-01
4.322295453071594018e-01
1.325400850296020450e-01
1.043632694005966199e-01
8.153803659677505422e-02
6.441472451686859613e-02
5.281954040527343797e-02
4.565021578669548052e-02
4.191521708369255056e-02
4.024384293556213660e-02
3.932620161771774314e-02
3.854031558036804389e-02
3.750851761102676207e-02
3.632140907049179190e-02
3.510359616279602052e-02
3.397199922204017369e-02
3.296795276403426816e-02
3.202635341286659554e-02
3.111811114847659945e-02
3.020212447941303391e-02
2.930934398174285874e-02
2.841713116466999117e-02
2.755168050229549540e-02
2.670259478986263327e-02
2.587823416888713687e-02
2.505935693681239987e-02
2.424349711239337860e-02
2.308504676818847606e-02
2.111375032365322285e-02
1.924316478073596903e-02
1.744746797680854847e-02
1.578352492451667866e-02
1.426240106672048598e-02
1.285541417896747529e-02
1.159573275148868647e-02
1.042957450449466701e-02
9.374064616858959406e-03
8.417081572115420879e-03
7.561444689333438919e-03
6.809180061519146294e-03
6.125510979443788903e-03
5.533555442839861033e-03
5.000543088465928682e-03
4.532932924479246561e-03
4.144000246003269952e-03
3.790324769541621262e-03
3.489481697604060028e-03
3.232452613487839764e-03
3.017832131311297579e-03
2.828433747589588314e-03
2.669938870891928624e-03
2.536266950145363991e-03
2.423707520589232518e-03
2.254445480369031331e-03
2.137765643186867286e-03
2.042765029333531903e-03
1.963429307006299331e-03
1.909590352699160531e-03
1.864551285281777467e-03
1.834027606621384645e-03
1.803201148658990869e-03
1.769515424408018645e-03
1.744167403317987974e-03
1.718235783278942172e-03
1.697445473819971006e-03
1.675892026163637669e-03
1.654592841304838597e-03
1.634355320967733824e-03
1.616806944087147797e-03
1.598154574446380071e-03
1.581431825645267979e-03
1.565587132796645220e-03
1.548341254331171528e-03
1.531646416895091588e-03
1.516255530342459608e-03
1.505163647420704404e-03
1.492415563575923533e-03
1.546380283683538442e-03
1.523430432938039248e-03
1.516926755197346103e-03
1.486541704647242976e-03
1.477792825363576437e-03
1.474869141541421342e-03
1.458562225662171944e-03
1.451494835317134911e-03
1.442407111078500715e-03
1.434122113138437335e-03
1.425347796641290247e-03
1.416780196130275728e-03
1.409024837613105869e-03
1.402329038642346820e-03
1.403894791379570964e-03
1.392588070593774258e-03
1.383608507551252909e-03
1.380922857858240529e-03
1.371745475567877348e-03
1.360534116812050316e-03
1.354795135930180524e-03
1.349907437153160476e-03
1.348004388809204103e-03
1.336692552082240602e-03
1.329402940347790664e-03
