-0.000030 0.004924 0.009874 0.014819 0.019754 0.024678 0.029587 0.034478 0.039348 0.044195 0.049015 0.053805 0.058564 0.063286 0.067971 0.072615 0.077215 0.081768 0.086272 0.090724 0.095122 0.099462 0.103743 0.107961 0.112113 0.116199 0.120214 0.124157 0.128025 0.131816 0.135528 0.139158 0.142704 0.146164 0.149536 0.152818 0.156008 0.159104 0.162105 0.165007 0.167810 0.170512 0.173112 0.175607 0.177996 0.180278 0.182452 0.184516 0.186468 0.188308 0.190035 0.191647 0.193144 0.194524 0.195788 0.196933 0.197960 0.198867 0.199655 0.200323 0.200869 0.201295 0.201600 0.201783 
0.004924 0.009874 0.014819 0.019754 0.024678 0.029587 0.034478 0.039348 0.044195 0.049015 0.053805 0.058564 0.063286 0.067971 0.072615 0.077215 0.081768 0.086272 0.090724 0.095122 0.099462 0.103743 0.107961 0.112113 0.116199 0.120214 0.124157 0.128025 0.131816 0.135528 0.139158 0.142704 0.146164 0.149536 0.152818 0.156008 0.159104 0.162105 0.165007 0.167810 0.170513 0.173112 0.175607 0.177996 0.180279 0.182452 0.184516 0.186468 0.188308 0.190035 0.191647 0.193144 0.194525 0.195788 0.196933 0.197960 0.198868 0.199655 0.200323 0.200870 0.201295 0.201600 0.201783 0.201845 
0.009874 0.014819 0.019754 0.024678 0.029587 0.034478 0.039348 0.044195 0.049015 0.053805 0.058564 0.063286 0.067971 0.072615 0.077215 0.081768 0.086272 0.090725 0.095122 0.099462 0.103743 0.107961 0.112114 0.116199 0.120214 0.124157 0.128025 0.131816 0.135528 0.139158 0.142704 0.146164 0.149536 0.152818 0.156009 0.159105 0.162105 0.165007 0.167811 0.170513 0.173112 0.175607 0.177997 0.180279 0.182452 0.184516 0.186468 0.188308 0.190035 0.191648 0.193144 0.194525 0.195788 0.196934 0.197960 0.198868 0.199656 0.200323 0.200870 0.201296 0.201600 0.201783 0.201845 0.201785 
0.014819 0.019754 0.024678 0.029587 0.034478 0.039348 0.044195 0.049015 0.053806 0.058564 0.063286 0.067971 0.072615 0.077215 0.081768 0.086272 0.090725 0.095122 0.099462 0.103743 0.107961 0.112114 0.116199 0.120214 0.124157 0.128025 0.131816 0.135528 0.139158 0.142704 0.146164 0.149536 0.152819 0.156009 0.159105 0.162105 0.165007 0.167811 0.170513 0.173112 0.175607 0.177997 0.180279 0.182452 0.184516 0.186468 0.188309 0.190035 0.191648 0.193144 0.194525 0.195788 0.196934 0.197960 0.198868 0.199656 0.200323 0.200870 0.201296 0.201600 0.201783 0.201845 0.201785 0.201603 
0.019754 0.024678 0.029587 0.034478 0.039348 0.044195 0.049015 0.053806 0.058564 0.063286 0.067971 0.072615 0.077215 0.081768 0.086272 0.090725 0.095122 0.099462 0.103743 0.107961 0.112114 0.116199 0.120214 0.124157 0.128025 0.131816 0.135528 0.139158 0.142704 0.146164 0.149537 0.152819 0.156009 0.159105 0.162105 0.165008 0.167811 0.170513 0.173112 0.175607 0.177997 0.180279 0.182452 0.184516 0.186469 0.188309 0.190035 0.191648 0.193145 0.194525 0.195788 0.196934 0.197961 0.198868 0.199656 0.200323 0.200870 0.201296 0.201601 0.201784 0.201845 0.201785 0.201604 0.201301 
0.024678 0.029587 0.034478 0.039348 0.044195 0.049015 0.053806 0.058564 0.063286 0.067971 0.072615 0.077215 0.081768 0.086272 0.090725 0.095122 0.099462 0.103743 0.107961 0.112114 0.116199 0.120214 0.124157 0.128025 0.131816 0.135528 0.139158 0.142704 0.146164 0.149537 0.152819 0.156009 0.159105 0.162105 0.165008 0.167811 0.170513 0.173112 0.175607 0.177997 0.180279 0.182453 0.184516 0.186469 0.188309 0.190036 0.191648 0.193145 0.194525 0.195789 0.196934 0.197961 0.198868 0.199656 0.200324 0.200870 0.201296 0.201601 0.201784 0.201845 0.201785 0.201604 0.201301 0.200877 
0.029587 0.034478 0.039348 0.044195 0.049015 0.053806 0.058564 0.063286 0.067971 0.072615 0.077215 0.081768 0.086272 0.090725 0.095122 0.099462 0.103743 0.107961 0.112114 0.116199 0.120214 0.124157 0.128025 0.131816 0.135528 0.139158 0.142704 0.146164 0.149537 0.152819 0.156009 0.159105 0.162105 0.165008 0.167811 0.170513 0.173112 0.175608 0.177997 0.180279 0.182453 0.184516 0.186469 0.188309 0.190036 0.191648 0.193145 0.194525 0.195789 0.196934 0.197961 0.198868 0.199656 0.200324 0.200870 0.201296 0.201601 0.201784 0.201846 0.201786 0.201604 0.201301 0.200877 0.200332 
0.034478 0.039348 0.044195 0.049015 0.053806 0.058564 0.063286 0.067971 0.072615 0.077215 0.081768 0.086272 0.090725 0.095122 0.099462 0.103743 0.107961 0.112114 0.116199 0.120214 0.124157 0.128025 0.131816 0.135528 0.139158 0.142704 0.146164 0.149537 0.152819 0.156009 0.159105 0.162105 0.165008 0.167811 0.170513 0.173112 0.175608 0.177997 0.180279 0.182453 0.184516 0.186469 0.188309 0.190036 0.191648 0.193145 0.194526 0.195789 0.196934 0.197961 0.198869 0.199656 0.200324 0.200871 0.201296 0.201601 0.201784 0.201846 0.201786 0.201604 0.201301 0.200877 0.200332 0.199666 
0.039348 0.044195 0.049015 0.053806 0.058564 0.063286 0.067971 0.072615 0.077215 0.081768 0.086272 0.090725 0.095122 0.099462 0.103743 0.107961 0.112114 0.116199 0.120214 0.124157 0.128025 0.131816 0.135528 0.139158 0.142704 0.146165 0.149537 0.152819 0.156009 0.159105 0.162105 0.165008 0.167811 0.170513 0.173113 0.175608 0.177997 0.180279 0.182453 0.184516 0.186469 0.188309 0.190036 0.191648 0.193145 0.194526 0.195789 0.196934 0.197961 0.198869 0.199657 0.200324 0.200871 0.201297 0.201601 0.201784 0.201846 0.201786 0.201604 0.201302 0.200877 0.200332 0.199666 0.198880 
0.044195 0.049015 0.053805 0.058564 0.063286 0.067971 0.072615 0.077215 0.081768 0.086272 0.090725 0.095122 0.099462 0.103743 0.107961 0.112114 0.116199 0.120214 0.124157 0.128025 0.131816 0.135528 0.139158 0.142704 0.146165 0.149537 0.152819 0.156009 0.159105 0.162105 0.165008 0.167811 0.170513 0.173113 0.175608 0.177997 0.180279 0.182453 0.184517 0.186469 0.188309 0.190036 0.191648 0.193145 0.194526 0.195789 0.196935 0.197961 0.198869 0.199657 0.200324 0.200871 0.201297 0.201601 0.201785 0.201846 0.201786 0.201605 0.201302 0.200877 0.200332 0.199666 0.198880 0.197974 
0.049015 0.053805 0.058564 0.063286 0.067971 0.072615 0.077215 0.081768 0.086272 0.090725 0.095122 0.099462 0.103743 0.107961 0.112114 0.116199 0.120214 0.124157 0.128025 0.131816 0.135528 0.139158 0.142704 0.146165 0.149537 0.152819 0.156009 0.159105 0.162105 0.165008 0.167811 0.170513 0.173113 0.175608 0.177997 0.180279 0.182453 0.184517 0.186469 0.188309 0.190036 0.191648 0.193145 0.194526 0.195789 0.196935 0.197961 0.198869 0.199657 0.200324 0.200871 0.201297 0.201602 0.201785 0.201846 0.201786 0.201605 0.201302 0.200878 0.200332 0.199667 0.198880 0.197974 0.196949 
0.053805 0.058564 0.063286 0.067971 0.072615 0.077215 0.081768 0.086272 0.090725 0.095122 0.099462 0.103743 0.107961 0.112114 0.116199 0.120214 0.124157 0.128025 0.131817 0.135528 0.139158 0.142704 0.146165 0.149537 0.152819 0.156009 0.159105 0.162105 0.165008 0.167811 0.170513 0.173113 0.175608 0.177997 0.180279 0.182453 0.184517 0.186469 0.188309 0.190036 0.191649 0.193145 0.194526 0.195789 0.196935 0.197962 0.198869 0.199657 0.200324 0.200871 0.201297 0.201602 0.201785 0.201847 0.201787 0.201605 0.201302 0.200878 0.200333 0.199667 0.198881 0.197975 0.196950 0.195806 
0.058564 0.063286 0.067971 0.072615 0.077215 0.081768 0.086272 0.090725 0.095122 0.099462 0.103743 0.107961 0.112114 0.116199 0.120214 0.124157 0.128025 0.131817 0.135528 0.139158 0.142704 0.146165 0.149537 0.152819 0.156009 0.159105 0.162105 0.165008 0.167811 0.170513 0.173113 0.175608 0.177997 0.180280 0.182453 0.184517 0.186469 0.188310 0.190036 0.191649 0.193146 0.194526 0.195789 0.196935 0.197962 0.198869 0.199657 0.200325 0.200871 0.201297 0.201602 0.201785 0.201847 0.201787 0.201605 0.201302 0.200878 0.200333 0.199667 0.198881 0.197975 0.196950 0.195806 0.194544 
0.063286 0.067971 0.072615 0.077215 0.081768 0.086272 0.090725 0.095122 0.099462 0.103743 0.107961 0.112114 0.116199 0.120214 0.124157 0.128025 0.131817 0.135528 0.139158 0.142704 0.146165 0.149537 0.152819 0.156009 0.159105 0.162105 0.165008 0.167811 0.170513 0.173113 0.175608 0.177997 0.180280 0.182453 0.184517 0.186469 0.188310 0.190036 0.191649 0.193146 0.194526 0.195790 0.196935 0.197962 0.198869 0.199657 0.200325 0.200872 0.201297 0.201602 0.201785 0.201847 0.201787 0.201605 0.201302 0.200878 0.200333 0.199667 0.198881 0.197975 0.196950 0.195806 0.194544 0.193165 
0.067971 0.072615 0.077215 0.081768 0.086272 0.090725 0.095122 0.099462 0.103743 0.107961 0.112114 0.116199 0.120214 0.124157 0.128025 0.131817 0.135528 0.139158 0.142704 0.146165 0.149537 0.152819 0.156009 0.159105 0.162105 0.165008 0.167811 0.170513 0.173113 0.175608 0.177997 0.180280 0.182453 0.184517 0.186469 0.188310 0.190036 0.191649 0.193146 0.194526 0.195790 0.196935 0.197962 0.198869 0.199657 0.200325 0.200872 0.201298 0.201602 0.201785 0.201847 0.201787 0.201606 0.201303 0.200878 0.200333 0.199667 0.198881 0.197975 0.196950 0.195806 0.194545 0.193166 0.191670 
0.072615 0.077215 0.081768 0.086272 0.090725 0.095122 0.099462 0.103743 0.107961 0.112114 0.116199 0.120214 0.124157 0.128025 0.131817 0.135528 0.139158 0.142704 0.146165 0.149537 0.152819 0.156009 0.159105 0.162105 0.165008 0.167811 0.170513 0.173113 0.175608 0.177997 0.180280 0.182453 0.184517 0.186469 0.188310 0.190037 0.191649 0.193146 0.194526 0.195790 0.196935 0.197962 0.198870 0.199657 0.200325 0.200872 0.201298 0.201602 0.201785 0.201847 0.201787 0.201606 0.201303 0.200879 0.200333 0.199668 0.198881 0.197975 0.196950 0.195807 0.194545 0.193166 0.191671 0.190060 
0.077215 0.081768 0.086272 0.090725 0.095122 0.099462 0.103743 0.107961 0.112114 0.116199 0.120214 0.124157 0.128025 0.131817 0.135528 0.139158 0.142704 0.146165 0.149537 0.152819 0.156009 0.159105 0.162105 0.165008 0.167811 0.170513 0.173113 0.175608 0.177998 0.180280 0.182453 0.184517 0.186470 0.188310 0.190037 0.191649 0.193146 0.194526 0.195790 0.196935 0.197962 0.198870 0.199657 0.200325 0.200872 0.201298 0.201602 0.201786 0.201847 0.201787 0.201606 0.201303 0.200879 0.200334 0.199668 0.198882 0.197976 0.196951 0.195807 0.194545 0.193166 0.191671 0.190060 0.188335 
0.081768 0.086272 0.090725 0.095122 0.099462 0.103743 0.107961 0.112114 0.116199 0.120214 0.124157 0.128025 0.131817 0.135528 0.139158 0.142704 0.146165 0.149537 0.152819 0.156009 0.159105 0.162105 0.165008 0.167811 0.170513 0.173113 0.175608 0.177998 0.180280 0.182453 0.184517 0.186470 0.188310 0.190037 0.191649 0.193146 0.194526 0.195790 0.196935 0.197962 0.198870 0.199658 0.200325 0.200872 0.201298 0.201602 0.201786 0.201847 0.201787 0.201606 0.201303 0.200879 0.200334 0.199668 0.198882 0.197976 0.196951 0.195807 0.194545 0.193166 0.191671 0.190060 0.188335 0.186496 
0.086272 0.090724 0.095122 0.099462 0.103743 0.107961 0.112114 0.116199 0.120214 0.124157 0.128025 0.131817 0.135528 0.139158 0.142704 0.146165 0.149537 0.152819 0.156009 0.159105 0.162105 0.165008 0.167811 0.170514 0.173113 0.175608 0.177998 0.180280 0.182453 0.184517 0.186470 0.188310 0.190037 0.191649 0.193146 0.194527 0.195790 0.196935 0.197962 0.198870 0.199658 0.200325 0.200872 0.201298 0.201603 0.201786 0.201847 0.201788 0.201606 0.201303 0.200879 0.200334 0.199668 0.198882 0.197976 0.196951 0.195807 0.194545 0.193166 0.191671 0.190060 0.188335 0.186497 0.184546 
0.090724 0.095122 0.099462 0.103743 0.107961 0.112114 0.116199 0.120214 0.124157 0.128025 0.131816 0.135528 0.139158 0.142704 0.146165 0.149537 0.152819 0.156009 0.159105 0.162105 0.165008 0.167811 0.170514 0.173113 0.175608 0.177998 0.180280 0.182453 0.184517 0.186470 0.188310 0.190037 0.191649 0.193146 0.194527 0.195790 0.196935 0.197962 0.198870 0.199658 0.200325 0.200872 0.201298 0.201603 0.201786 0.201848 0.201788 0.201606 0.201303 0.200879 0.200334 0.199668 0.198882 0.197976 0.196951 0.195807 0.194546 0.193167 0.191671 0.190061 0.188335 0.186497 0.184546 0.182484 
0.095122 0.099462 0.103743 0.107961 0.112114 0.116199 0.120214 0.124157 0.128025 0.131816 0.135528 0.139158 0.142704 0.146165 0.149537 0.152819 0.156009 0.159105 0.162105 0.165008 0.167811 0.170514 0.173113 0.175608 0.177998 0.180280 0.182453 0.184517 0.186470 0.188310 0.190037 0.191649 0.193146 0.194527 0.195790 0.196935 0.197962 0.198870 0.199658 0.200325 0.200872 0.201298 0.201603 0.201786 0.201848 0.201788 0.201606 0.201303 0.200879 0.200334 0.199668 0.198882 0.197976 0.196951 0.195807 0.194546 0.193167 0.191672 0.190061 0.188336 0.186497 0.184546 0.182484 0.180312 
0.099462 0.103743 0.107961 0.112114 0.116199 0.120214 0.124157 0.128025 0.131816 0.135528 0.139158 0.142704 0.146165 0.149537 0.152819 0.156009 0.159105 0.162105 0.165008 0.167811 0.170514 0.173113 0.175608 0.177998 0.180280 0.182453 0.184517 0.186470 0.188310 0.190037 0.191649 0.193146 0.194527 0.195790 0.196936 0.197962 0.198870 0.199658 0.200325 0.200872 0.201298 0.201603 0.201786 0.201848 0.201788 0.201606 0.201303 0.200879 0.200334 0.199668 0.198882 0.197976 0.196951 0.195808 0.194546 0.193167 0.191672 0.190061 0.188336 0.186497 0.184546 0.182484 0.180312 0.178031 
0.103743 0.107961 0.112114 0.116199 0.120214 0.124157 0.128025 0.131816 0.135528 0.139158 0.142704 0.146165 0.149537 0.152819 0.156009 0.159105 0.162105 0.165008 0.167811 0.170514 0.173113 0.175608 0.177998 0.180280 0.182453 0.184517 0.186470 0.188310 0.190037 0.191649 0.193146 0.194527 0.195790 0.196936 0.197962 0.198870 0.199658 0.200325 0.200872 0.201298 0.201603 0.201786 0.201848 0.201788 0.201606 0.201304 0.200879 0.200334 0.199668 0.198882 0.197977 0.196951 0.195808 0.194546 0.193167 0.191672 0.190061 0.188336 0.186497 0.184546 0.182484 0.180312 0.178032 0.175644 
0.107961 0.112113 0.116199 0.120214 0.124157 0.128025 0.131816 0.135528 0.139158 0.142704 0.146165 0.149537 0.152819 0.156009 0.159105 0.162105 0.165008 0.167811 0.170514 0.173113 0.175608 0.177998 0.180280 0.182453 0.184517 0.186470 0.188310 0.190037 0.191649 0.193146 0.194527 0.195790 0.196936 0.197962 0.198870 0.199658 0.200325 0.200872 0.201298 0.201603 0.201786 0.201848 0.201788 0.201607 0.201304 0.200880 0.200334 0.199669 0.198883 0.197977 0.196952 0.195808 0.194546 0.193167 0.191672 0.190061 0.188336 0.186498 0.184547 0.182484 0.180312 0.178032 0.175644 0.173150 
0.112113 0.116199 0.120214 0.124157 0.128025 0.131816 0.135528 0.139158 0.142704 0.146165 0.149537 0.152819 0.156009 0.159105 0.162105 0.165008 0.167811 0.170513 0.173113 0.175608 0.177998 0.180280 0.182453 0.184517 0.186470 0.188310 0.190037 0.191649 0.193146 0.194527 0.195790 0.196936 0.197962 0.198870 0.199658 0.200326 0.200872 0.201298 0.201603 0.201786 0.201848 0.201788 0.201607 0.201304 0.200880 0.200334 0.199669 0.198883 0.197977 0.196952 0.195808 0.194546 0.193167 0.191672 0.190061 0.188336 0.186498 0.184547 0.182485 0.180313 0.178032 0.175644 0.173150 0.170553 
0.116199 0.120214 0.124157 0.128025 0.131816 0.135528 0.139158 0.142704 0.146165 0.149537 0.152819 0.156009 0.159105 0.162105 0.165008 0.167811 0.170513 0.173113 0.175608 0.177998 0.180280 0.182453 0.184517 0.186470 0.188310 0.190037 0.191649 0.193146 0.194527 0.195790 0.196936 0.197963 0.198870 0.199658 0.200326 0.200872 0.201298 0.201603 0.201786 0.201848 0.201788 0.201607 0.201304 0.200880 0.200335 0.199669 0.198883 0.197977 0.196952 0.195808 0.194546 0.193167 0.191672 0.190062 0.188336 0.186498 0.184547 0.182485 0.180313 0.178032 0.175644 0.173151 0.170553 0.167852 
0.120214 0.124157 0.128025 0.131816 0.135528 0.139158 0.142704 0.146164 0.149537 0.152819 0.156009 0.159105 0.162105 0.165008 0.167811 0.170513 0.173113 0.175608 0.177998 0.180280 0.182453 0.184517 0.186470 0.188310 0.190037 0.191649 0.193146 0.194527 0.195790 0.196936 0.197963 0.198870 0.199658 0.200326 0.200873 0.201298 0.201603 0.201786 0.201848 0.201788 0.201607 0.201304 0.200880 0.200335 0.199669 0.198883 0.197977 0.196952 0.195808 0.194546 0.193168 0.191672 0.190062 0.188337 0.186498 0.184547 0.182485 0.180313 0.178032 0.175644 0.173151 0.170553 0.167852 0.165050 
0.124157 0.128025 0.131816 0.135528 0.139158 0.142704 0.146164 0.149537 0.152819 0.156009 0.159105 0.162105 0.165008 0.167811 0.170513 0.173113 0.175608 0.177998 0.180280 0.182453 0.184517 0.186470 0.188310 0.190037 0.191649 0.193146 0.194527 0.195790 0.196936 0.197963 0.198870 0.199658 0.200326 0.200873 0.201298 0.201603 0.201786 0.201848 0.201788 0.201607 0.201304 0.200880 0.200335 0.199669 0.198883 0.197977 0.196952 0.195808 0.194547 0.193168 0.191672 0.190062 0.188337 0.186498 0.184547 0.182485 0.180313 0.178032 0.175645 0.173151 0.170553 0.167852 0.165051 0.162149 
0.128025 0.131816 0.135528 0.139158 0.142704 0.146164 0.149537 0.152819 0.156009 0.159105 0.162105 0.165008 0.167811 0.170513 0.173113 0.175608 0.177998 0.180280 0.182453 0.184517 0.186470 0.188310 0.190037 0.191649 0.193146 0.194527 0.195790 0.196936 0.197963 0.198870 0.199658 0.200326 0.200873 0.201298 0.201603 0.201786 0.201848 0.201788 0.201607 0.201304 0.200880 0.200335 0.199669 0.198883 0.197977 0.196952 0.195808 0.194547 0.193168 0.191673 0.190062 0.188337 0.186498 0.184547 0.182485 0.180313 0.178033 0.175645 0.173151 0.170553 0.167853 0.165051 0.162150 0.159151 
0.131816 0.135528 0.139158 0.142704 0.146164 0.149537 0.152819 0.156009 0.159105 0.162105 0.165008 0.167811 0.170513 0.173113 0.175608 0.177997 0.180280 0.182453 0.184517 0.186470 0.188310 0.190037 0.191649 0.193146 0.194527 0.195790 0.196936 0.197963 0.198870 0.199658 0.200326 0.200873 0.201299 0.201603 0.201786 0.201848 0.201788 0.201607 0.201304 0.200880 0.200335 0.199669 0.198883 0.197977 0.196952 0.195808 0.194547 0.193168 0.191673 0.190062 0.188337 0.186498 0.184547 0.182485 0.180313 0.178033 0.175645 0.173151 0.170553 0.167853 0.165051 0.162150 0.159151 0.156056 
0.135528 0.139158 0.142704 0.146164 0.149537 0.152819 0.156009 0.159105 0.162105 0.165008 0.167811 0.170513 0.173113 0.175608 0.177997 0.180280 0.182453 0.184517 0.186470 0.188310 0.190037 0.191649 0.193146 0.194527 0.195790 0.196936 0.197963 0.198870 0.199658 0.200326 0.200873 0.201299 0.201603 0.201786 0.201848 0.201788 0.201607 0.201304 0.200880 0.200335 0.199669 0.198883 0.197977 0.196952 0.195808 0.194547 0.193168 0.191673 0.190062 0.188337 0.186498 0.184548 0.182485 0.180313 0.178033 0.175645 0.173151 0.170554 0.167853 0.165051 0.162150 0.159151 0.156056 0.152868 
0.139158 0.142704 0.146164 0.149536 0.152819 0.156009 0.159105 0.162105 0.165008 0.167811 0.170513 0.173113 0.175608 0.177997 0.180280 0.182453 0.184517 0.186470 0.188310 0.190037 0.191649 0.193146 0.194527 0.195790 0.196936 0.197963 0.198870 0.199658 0.200326 0.200873 0.201299 0.201603 0.201786 0.201848 0.201788 0.201607 0.201304 0.200880 0.200335 0.199669 0.198883 0.197977 0.196952 0.195808 0.194547 0.193168 0.191673 0.190062 0.188337 0.186499 0.184548 0.182486 0.180314 0.178033 0.175645 0.173152 0.170554 0.167853 0.165051 0.162150 0.159151 0.156057 0.152868 0.149587 
0.142704 0.146164 0.149536 0.152819 0.156009 0.159105 0.162105 0.165008 0.167811 0.170513 0.173113 0.175608 0.177997 0.180280 0.182453 0.184517 0.186470 0.188310 0.190037 0.191649 0.193146 0.194527 0.195790 0.196936 0.197962 0.198870 0.199658 0.200326 0.200873 0.201299 0.201603 0.201786 0.201848 0.201788 0.201607 0.201304 0.200880 0.200335 0.199669 0.198883 0.197977 0.196952 0.195809 0.194547 0.193168 0.191673 0.190062 0.188337 0.186499 0.184548 0.182486 0.180314 0.178033 0.175645 0.173152 0.170554 0.167853 0.165051 0.162150 0.159151 0.156057 0.152868 0.149587 0.146216 
0.146164 0.149536 0.152818 0.156009 0.159105 0.162105 0.165008 0.167811 0.170513 0.173113 0.175608 0.177997 0.180280 0.182453 0.184517 0.186469 0.188310 0.190037 0.191649 0.193146 0.194527 0.195790 0.196936 0.197962 0.198870 0.199658 0.200326 0.200873 0.201298 0.201603 0.201786 0.201848 0.201788 0.201607 0.201304 0.200880 0.200335 0.199669 0.198883 0.197977 0.196952 0.195809 0.194547 0.193168 0.191673 0.190062 0.188337 0.186499 0.184548 0.182486 0.180314 0.178033 0.175645 0.173152 0.170554 0.167853 0.165051 0.162150 0.159152 0.156057 0.152868 0.149587 0.146217 0.142758 
0.149536 0.152818 0.156009 0.159105 0.162105 0.165008 0.167811 0.170513 0.173113 0.175608 0.177997 0.180279 0.182453 0.184517 0.186469 0.188310 0.190037 0.191649 0.193146 0.194527 0.195790 0.196936 0.197962 0.198870 0.199658 0.200326 0.200873 0.201298 0.201603 0.201786 0.201848 0.201788 0.201607 0.201304 0.200880 0.200335 0.199669 0.198883 0.197977 0.196952 0.195809 0.194547 0.193168 0.191673 0.190062 0.188337 0.186499 0.184548 0.182486 0.180314 0.178033 0.175645 0.173152 0.170554 0.167853 0.165052 0.162150 0.159152 0.156057 0.152868 0.149588 0.146217 0.142758 0.139213 
0.152818 0.156008 0.159105 0.162105 0.165008 0.167811 0.170513 0.173112 0.175608 0.177997 0.180279 0.182453 0.184517 0.186469 0.188310 0.190037 0.191649 0.193146 0.194527 0.195790 0.196935 0.197962 0.198870 0.199658 0.200326 0.200872 0.201298 0.201603 0.201786 0.201848 0.201788 0.201607 0.201304 0.200880 0.200335 0.199669 0.198883 0.197977 0.196952 0.195809 0.194547 0.193168 0.191673 0.190062 0.188337 0.186499 0.184548 0.182486 0.180314 0.178033 0.175646 0.173152 0.170554 0.167853 0.165052 0.162151 0.159152 0.156057 0.152868 0.149588 0.146217 0.142758 0.139213 0.135584 
0.156008 0.159104 0.162105 0.165007 0.167811 0.170513 0.173112 0.175608 0.177997 0.180279 0.182453 0.184517 0.186469 0.188310 0.190036 0.191649 0.193146 0.194526 0.195790 0.196935 0.197962 0.198870 0.199658 0.200325 0.200872 0.201298 0.201603 0.201786 0.201848 0.201788 0.201607 0.201304 0.200880 0.200335 0.199669 0.198883 0.197977 0.196952 0.195809 0.194547 0.193168 0.191673 0.190062 0.188337 0.186499 0.184548 0.182486 0.180314 0.178033 0.175646 0.173152 0.170554 0.167854 0.165052 0.162151 0.159152 0.156057 0.152869 0.149588 0.146217 0.142758 0.139213 0.135584 0.131874 
0.159104 0.162105 0.165007 0.167811 0.170513 0.173112 0.175608 0.177997 0.180279 0.182453 0.184517 0.186469 0.188310 0.190036 0.191649 0.193146 0.194526 0.195790 0.196935 0.197962 0.198870 0.199658 0.200325 0.200872 0.201298 0.201603 0.201786 0.201848 0.201788 0.201607 0.201304 0.200880 0.200335 0.199669 0.198883 0.197977 0.196952 0.195809 0.194547 0.193168 0.191673 0.190062 0.188337 0.186499 0.184548 0.182486 0.180314 0.178033 0.175646 0.173152 0.170554 0.167854 0.165052 0.162151 0.159152 0.156057 0.152869 0.149588 0.146217 0.142758 0.139213 0.135585 0.131874 0.128084 
0.162105 0.165007 0.167811 0.170513 0.173112 0.175607 0.177997 0.180279 0.182453 0.184517 0.186469 0.188309 0.190036 0.191649 0.193146 0.194526 0.195790 0.196935 0.197962 0.198870 0.199658 0.200325 0.200872 0.201298 0.201603 0.201786 0.201848 0.201788 0.201607 0.201304 0.200880 0.200335 0.199669 0.198883 0.197977 0.196952 0.195809 0.194547 0.193168 0.191673 0.190062 0.188337 0.186499 0.184548 0.182486 0.180314 0.178033 0.175646 0.173152 0.170554 0.167854 0.165052 0.162151 0.159152 0.156057 0.152869 0.149588 0.146217 0.142758 0.139213 0.135585 0.131874 0.128084 0.124217 
0.165007 0.167810 0.170513 0.173112 0.175607 0.177997 0.180279 0.182453 0.184516 0.186469 0.188309 0.190036 0.191649 0.193146 0.194526 0.195790 0.196935 0.197962 0.198870 0.199658 0.200325 0.200872 0.201298 0.201603 0.201786 0.201848 0.201788 0.201607 0.201304 0.200880 0.200335 0.199669 0.198883 0.197977 0.196952 0.195809 0.194547 0.193168 0.191673 0.190062 0.188337 0.186499 0.184548 0.182486 0.180314 0.178034 0.175646 0.173152 0.170554 0.167854 0.165052 0.162151 0.159152 0.156057 0.152869 0.149588 0.146217 0.142758 0.139213 0.135585 0.131874 0.128085 0.124218 0.120276 
0.167810 0.170513 0.173112 0.175607 0.177997 0.180279 0.182453 0.184516 0.186469 0.188309 0.190036 0.191649 0.193146 0.194526 0.195790 0.196935 0.197962 0.198870 0.199658 0.200325 0.200872 0.201298 0.201603 0.201786 0.201848 0.201788 0.201607 0.201304 0.200880 0.200335 0.199669 0.198883 0.197977 0.196952 0.195809 0.194547 0.193168 0.191673 0.190062 0.188337 0.186499 0.184548 0.182486 0.180314 0.178034 0.175646 0.173152 0.170554 0.167854 0.165052 0.162151 0.159152 0.156058 0.152869 0.149588 0.146217 0.142758 0.139214 0.135585 0.131874 0.128085 0.124218 0.120276 0.116262 
0.170512 0.173112 0.175607 0.177997 0.180279 0.182453 0.184516 0.186469 0.188309 0.190036 0.191648 0.193145 0.194526 0.195790 0.196935 0.197962 0.198870 0.199658 0.200325 0.200872 0.201298 0.201603 0.201786 0.201848 0.201788 0.201607 0.201304 0.200880 0.200335 0.199669 0.198883 0.197977 0.196952 0.195809 0.194547 0.193168 0.191673 0.190062 0.188337 0.186499 0.184548 0.182486 0.180314 0.178034 0.175646 0.173152 0.170554 0.167854 0.165052 0.162151 0.159152 0.156058 0.152869 0.149588 0.146217 0.142759 0.139214 0.135585 0.131875 0.128085 0.124218 0.120276 0.116262 0.112177 
0.173112 0.175607 0.177997 0.180279 0.182452 0.184516 0.186469 0.188309 0.190036 0.191648 0.193145 0.194526 0.195789 0.196935 0.197962 0.198870 0.199657 0.200325 0.200872 0.201298 0.201603 0.201786 0.201848 0.201788 0.201607 0.201304 0.200880 0.200335 0.199669 0.198883 0.197977 0.196952 0.195809 0.194547 0.193168 0.191673 0.190062 0.188337 0.186499 0.184548 0.182486 0.180314 0.178034 0.175646 0.173152 0.170554 0.167854 0.165052 0.162151 0.159152 0.156058 0.152869 0.149588 0.146217 0.142759 0.139214 0.135585 0.131875 0.128085 0.124218 0.120276 0.116262 0.112178 0.108026 
0.175607 0.177996 0.180279 0.182452 0.184516 0.186469 0.188309 0.190036 0.191648 0.193145 0.194526 0.195789 0.196935 0.197962 0.198869 0.199657 0.200325 0.200872 0.201298 0.201603 0.201786 0.201848 0.201788 0.201607 0.201304 0.200880 0.200335 0.199669 0.198883 0.197977 0.196952 0.195808 0.194547 0.193168 0.191673 0.190062 0.188337 0.186499 0.184548 0.182486 0.180314 0.178034 0.175646 0.173152 0.170554 0.167854 0.165052 0.162151 0.159152 0.156058 0.152869 0.149588 0.146218 0.142759 0.139214 0.135585 0.131875 0.128085 0.124218 0.120276 0.116262 0.112178 0.108026 0.103809 
0.177996 0.180279 0.182452 0.184516 0.186469 0.188309 0.190036 0.191648 0.193145 0.194526 0.195789 0.196935 0.197962 0.198869 0.199657 0.200325 0.200872 0.201298 0.201603 0.201786 0.201848 0.201788 0.201606 0.201304 0.200880 0.200335 0.199669 0.198883 0.197977 0.196952 0.195808 0.194547 0.193168 0.191673 0.190062 0.188337 0.186499 0.184548 0.182486 0.180314 0.178034 0.175646 0.173152 0.170554 0.167854 0.165052 0.162151 0.159152 0.156058 0.152869 0.149588 0.146218 0.142759 0.139214 0.135585 0.131875 0.128085 0.124218 0.120276 0.116262 0.112178 0.108026 0.103809 0.099530 
0.180278 0.182452 0.184516 0.186468 0.188309 0.190036 0.191648 0.193145 0.194526 0.195789 0.196935 0.197962 0.198869 0.199657 0.200325 0.200872 0.201298 0.201602 0.201786 0.201848 0.201788 0.201606 0.201304 0.200880 0.200334 0.199669 0.198883 0.197977 0.196952 0.195808 0.194547 0.193168 0.191673 0.190062 0.188337 0.186499 0.184548 0.182486 0.180314 0.178034 0.175646 0.173152 0.170554 0.167854 0.165052 0.162151 0.159152 0.156058 0.152869 0.149588 0.146218 0.142759 0.139214 0.135585 0.131875 0.128085 0.124218 0.120276 0.116262 0.112178 0.108026 0.103809 0.099530 0.095190 
0.182452 0.184516 0.186468 0.188309 0.190035 0.191648 0.193145 0.194526 0.195789 0.196935 0.197961 0.198869 0.199657 0.200325 0.200872 0.201298 0.201602 0.201786 0.201847 0.201788 0.201606 0.201303 0.200879 0.200334 0.199669 0.198883 0.197977 0.196952 0.195808 0.194547 0.193168 0.191673 0.190062 0.188337 0.186499 0.184548 0.182486 0.180314 0.178033 0.175646 0.173152 0.170554 0.167854 0.165052 0.162151 0.159152 0.156058 0.152869 0.149588 0.146218 0.142759 0.139214 0.135585 0.131875 0.128085 0.124218 0.120276 0.116262 0.112178 0.108026 0.103809 0.099530 0.095191 0.090794 
0.184516 0.186468 0.188308 0.190035 0.191648 0.193145 0.194525 0.195789 0.196934 0.197961 0.198869 0.199657 0.200325 0.200872 0.201298 0.201602 0.201786 0.201847 0.201788 0.201606 0.201303 0.200879 0.200334 0.199669 0.198883 0.197977 0.196952 0.195808 0.194547 0.193168 0.191673 0.190062 0.188337 0.186499 0.184548 0.182486 0.180314 0.178033 0.175646 0.173152 0.170554 0.167854 0.165052 0.162151 0.159152 0.156058 0.152869 0.149588 0.146218 0.142759 0.139214 0.135585 0.131875 0.128085 0.124218 0.120276 0.116262 0.112178 0.108026 0.103809 0.099530 0.095191 0.090794 0.086343 
0.186468 0.188308 0.190035 0.191648 0.193145 0.194525 0.195789 0.196934 0.197961 0.198869 0.199657 0.200324 0.200871 0.201297 0.201602 0.201785 0.201847 0.201787 0.201606 0.201303 0.200879 0.200334 0.199668 0.198883 0.197977 0.196952 0.195808 0.194547 0.193168 0.191673 0.190062 0.188337 0.186499 0.184548 0.182486 0.180314 0.178033 0.175646 0.173152 0.170554 0.167854 0.165052 0.162151 0.159152 0.156058 0.152869 0.149588 0.146218 0.142759 0.139214 0.135585 0.131875 0.128085 0.124218 0.120276 0.116262 0.112178 0.108026 0.103809 0.099530 0.095191 0.090794 0.086343 0.081839 
0.188308 0.190035 0.191648 0.193144 0.194525 0.195789 0.196934 0.197961 0.198869 0.199657 0.200324 0.200871 0.201297 0.201602 0.201785 0.201847 0.201787 0.201606 0.201303 0.200879 0.200334 0.199668 0.198882 0.197977 0.196952 0.195808 0.194546 0.193168 0.191673 0.190062 0.188337 0.186499 0.184548 0.182486 0.180314 0.178033 0.175646 0.173152 0.170554 0.167854 0.165052 0.162151 0.159152 0.156058 0.152869 0.149588 0.146218 0.142759 0.139214 0.135585 0.131875 0.128085 0.124218 0.120277 0.116262 0.112178 0.108026 0.103809 0.099530 0.095191 0.090794 0.086343 0.081839 0.077287 
0.190035 0.191647 0.193144 0.194525 0.195788 0.196934 0.197961 0.198869 0.199657 0.200324 0.200871 0.201297 0.201602 0.201785 0.201847 0.201787 0.201606 0.201303 0.200879 0.200334 0.199668 0.198882 0.197977 0.196952 0.195808 0.194546 0.193168 0.191672 0.190062 0.188337 0.186498 0.184548 0.182486 0.180314 0.178033 0.175646 0.173152 0.170554 0.167854 0.165052 0.162151 0.159152 0.156058 0.152869 0.149588 0.146218 0.142759 0.139214 0.135585 0.131875 0.128085 0.124218 0.120277 0.116262 0.112178 0.108026 0.103810 0.099530 0.095191 0.090794 0.086343 0.081840 0.077287 0.072688 
0.191647 0.193144 0.194525 0.195788 0.196934 0.197961 0.198868 0.199656 0.200324 0.200871 0.201297 0.201602 0.201785 0.201847 0.201787 0.201606 0.201303 0.200879 0.200334 0.199668 0.198882 0.197976 0.196951 0.195808 0.194546 0.193167 0.191672 0.190062 0.188337 0.186498 0.184548 0.182486 0.180314 0.178033 0.175645 0.173152 0.170554 0.167854 0.165052 0.162151 0.159152 0.156058 0.152869 0.149588 0.146218 0.142759 0.139214 0.135585 0.131875 0.128085 0.124218 0.120277 0.116262 0.112178 0.108026 0.103810 0.099530 0.095191 0.090794 0.086343 0.081840 0.077287 0.072688 0.068045 
0.193144 0.194525 0.195788 0.196934 0.197961 0.198868 0.199656 0.200324 0.200871 0.201297 0.201602 0.201785 0.201847 0.201787 0.201606 0.201303 0.200879 0.200334 0.199668 0.198882 0.197976 0.196951 0.195808 0.194546 0.193167 0.191672 0.190062 0.188337 0.186498 0.184547 0.182485 0.180314 0.178033 0.175645 0.173152 0.170554 0.167854 0.165052 0.162151 0.159152 0.156058 0.152869 0.149588 0.146218 0.142759 0.139214 0.135585 0.131875 0.128085 0.124218 0.120277 0.116262 0.112178 0.108026 0.103810 0.099530 0.095191 0.090794 0.086343 0.081840 0.077287 0.072688 0.068045 0.063361 
0.194524 0.195788 0.196934 0.197960 0.198868 0.199656 0.200324 0.200871 0.201297 0.201601 0.201785 0.201847 0.201787 0.201605 0.201303 0.200879 0.200334 0.199668 0.198882 0.197976 0.196951 0.195808 0.194546 0.193167 0.191672 0.190062 0.188337 0.186498 0.184547 0.182485 0.180313 0.178033 0.175645 0.173152 0.170554 0.167853 0.165052 0.162151 0.159152 0.156057 0.152869 0.149588 0.146217 0.142759 0.139214 0.135585 0.131875 0.128085 0.124218 0.120277 0.116262 0.112178 0.108026 0.103810 0.099530 0.095191 0.090794 0.086343 0.081840 0.077287 0.072688 0.068045 0.063361 0.058639 
0.195788 0.196933 0.197960 0.198868 0.199656 0.200324 0.200870 0.201296 0.201601 0.201785 0.201846 0.201787 0.201605 0.201302 0.200878 0.200333 0.199668 0.198882 0.197976 0.196951 0.195807 0.194546 0.193167 0.191672 0.190061 0.188336 0.186498 0.184547 0.182485 0.180313 0.178033 0.175645 0.173152 0.170554 0.167853 0.165052 0.162151 0.159152 0.156057 0.152869 0.149588 0.146217 0.142759 0.139214 0.135585 0.131875 0.128085 0.124218 0.120276 0.116262 0.112178 0.108026 0.103810 0.099530 0.095191 0.090794 0.086343 0.081840 0.077287 0.072688 0.068045 0.063361 0.058639 0.053882 
0.196933 0.197960 0.198868 0.199656 0.200323 0.200870 0.201296 0.201601 0.201784 0.201846 0.201786 0.201605 0.201302 0.200878 0.200333 0.199668 0.198882 0.197976 0.196951 0.195807 0.194546 0.193167 0.191672 0.190061 0.188336 0.186498 0.184547 0.182485 0.180313 0.178033 0.175645 0.173152 0.170554 0.167853 0.165052 0.162151 0.159152 0.156057 0.152869 0.149588 0.146217 0.142759 0.139214 0.135585 0.131875 0.128085 0.124218 0.120276 0.116262 0.112178 0.108026 0.103810 0.099530 0.095191 0.090794 0.086343 0.081840 0.077287 0.072688 0.068045 0.063361 0.058639 0.053882 0.049092 
0.197960 0.198868 0.199656 0.200323 0.200870 0.201296 0.201601 0.201784 0.201846 0.201786 0.201605 0.201302 0.200878 0.200333 0.199667 0.198881 0.197976 0.196951 0.195807 0.194546 0.193167 0.191672 0.190061 0.188336 0.186498 0.184547 0.182485 0.180313 0.178033 0.175645 0.173151 0.170554 0.167853 0.165051 0.162150 0.159152 0.156057 0.152869 0.149588 0.146217 0.142758 0.139214 0.135585 0.131875 0.128085 0.124218 0.120276 0.116262 0.112178 0.108026 0.103810 0.099530 0.095191 0.090794 0.086343 0.081840 0.077287 0.072688 0.068045 0.063361 0.058639 0.053882 0.049092 0.044272 
0.198867 0.199655 0.200323 0.200870 0.201296 0.201601 0.201784 0.201846 0.201786 0.201605 0.201302 0.200878 0.200333 0.199667 0.198881 0.197975 0.196951 0.195807 0.194545 0.193167 0.191672 0.190061 0.188336 0.186498 0.184547 0.182485 0.180313 0.178032 0.175645 0.173151 0.170554 0.167853 0.165051 0.162150 0.159152 0.156057 0.152869 0.149588 0.146217 0.142758 0.139214 0.135585 0.131875 0.128085 0.124218 0.120276 0.116262 0.112178 0.108026 0.103809 0.099530 0.095191 0.090794 0.086343 0.081840 0.077287 0.072688 0.068045 0.063361 0.058639 0.053882 0.049092 0.044273 0.039426 
0.199655 0.200323 0.200870 0.201296 0.201601 0.201784 0.201846 0.201786 0.201604 0.201302 0.200878 0.200333 0.199667 0.198881 0.197975 0.196950 0.195807 0.194545 0.193166 0.191671 0.190061 0.188336 0.186497 0.184547 0.182485 0.180313 0.178032 0.175645 0.173151 0.170553 0.167853 0.165051 0.162150 0.159152 0.156057 0.152868 0.149588 0.146217 0.142758 0.139213 0.135585 0.131875 0.128085 0.124218 0.120276 0.116262 0.112178 0.108026 0.103809 0.099530 0.095191 0.090794 0.086343 0.081840 0.077287 0.072688 0.068045 0.063361 0.058639 0.053882 0.049092 0.044273 0.039427 0.034557 
0.200323 0.200870 0.201296 0.201600 0.201784 0.201845 0.201786 0.201604 0.201302 0.200877 0.200332 0.199667 0.198881 0.197975 0.196950 0.195807 0.194545 0.193166 0.191671 0.190061 0.188336 0.186497 0.184546 0.182484 0.180313 0.178032 0.175644 0.173151 0.170553 0.167853 0.165051 0.162150 0.159151 0.156057 0.152868 0.149588 0.146217 0.142758 0.139213 0.135585 0.131874 0.128085 0.124218 0.120276 0.116262 0.112178 0.108026 0.103809 0.099530 0.095191 0.090794 0.086343 0.081840 0.077287 0.072688 0.068045 0.063361 0.058639 0.053882 0.049092 0.044273 0.039427 0.034557 0.029666 
0.200869 0.201295 0.201600 0.201783 0.201845 0.201785 0.201604 0.201301 0.200877 0.200332 0.199667 0.198881 0.197975 0.196950 0.195806 0.194545 0.193166 0.191671 0.190060 0.188335 0.186497 0.184546 0.182484 0.180312 0.178032 0.175644 0.173151 0.170553 0.167853 0.165051 0.162150 0.159151 0.156057 0.152868 0.149588 0.146217 0.142758 0.139213 0.135585 0.131874 0.128085 0.124218 0.120276 0.116262 0.112178 0.108026 0.103809 0.099530 0.095191 0.090794 0.086343 0.081840 0.077287 0.072688 0.068045 0.063361 0.058639 0.053882 0.049092 0.044273 0.039427 0.034557 0.029666 0.024758 
0.201295 0.201600 0.201783 0.201845 0.201785 0.201604 0.201301 0.200877 0.200332 0.199666 0.198880 0.197975 0.196950 0.195806 0.194545 0.193166 0.191671 0.190060 0.188335 0.186497 0.184546 0.182484 0.180312 0.178032 0.175644 0.173151 0.170553 0.167852 0.165051 0.162150 0.159151 0.156057 0.152868 0.149587 0.146217 0.142758 0.139213 0.135585 0.131874 0.128085 0.124218 0.120276 0.116262 0.112178 0.108026 0.103809 0.099530 0.095191 0.090794 0.086343 0.081840 0.077287 0.072688 0.068045 0.063361 0.058639 0.053882 0.049092 0.044273 0.039427 0.034557 0.029666 0.024758 0.019834 
0.201600 0.201783 0.201845 0.201785 0.201604 0.201301 0.200877 0.200332 0.199666 0.198880 0.197974 0.196950 0.195806 0.194544 0.193166 0.191671 0.190060 0.188335 0.186497 0.184546 0.182484 0.180312 0.178032 0.175644 0.173150 0.170553 0.167852 0.165051 0.162150 0.159151 0.156056 0.152868 0.149587 0.146217 0.142758 0.139213 0.135584 0.131874 0.128084 0.124218 0.120276 0.116262 0.112178 0.108026 0.103809 0.099530 0.095191 0.090794 0.086343 0.081839 0.077287 0.072688 0.068045 0.063361 0.058639 0.053882 0.049092 0.044273 0.039427 0.034557 0.029666 0.024758 0.019834 0.014899 
0.201783 0.201845 0.201785 0.201603 0.201301 0.200877 0.200332 0.199666 0.198880 0.197974 0.196949 0.195806 0.194544 0.193165 0.191670 0.190060 0.188335 0.186496 0.184546 0.182484 0.180312 0.178031 0.175644 0.173150 0.170553 0.167852 0.165050 0.162149 0.159151 0.156056 0.152868 0.149587 0.146216 0.142758 0.139213 0.135584 0.131874 0.128084 0.124217 0.120276 0.116262 0.112177 0.108026 0.103809 0.099530 0.095190 0.090794 0.086343 0.081839 0.077287 0.072688 0.068045 0.063361 0.058639 0.053882 0.049092 0.044272 0.039426 0.034557 0.029666 0.024758 0.019834 0.014899 0.009955 
