0.201844 0.201784 0.201603 0.201300 0.200875 0.200330 0.199664 0.198878 0.197972 0.196947 0.195803 0.194541 0.193162 0.191666 0.190056 0.188330 0.186492 0.184540 0.182478 0.180306 0.178025 0.175637 0.173143 0.170545 0.167844 0.165042 0.162141 0.159142 0.156047 0.152858 0.149577 0.146206 0.142747 0.139202 0.135573 0.131862 0.128072 0.124205 0.120263 0.116248 0.112164 0.108012 0.103795 0.099515 0.095175 0.090778 0.086327 0.081823 0.077270 0.072671 0.068027 0.063343 0.058621 0.053863 0.049073 0.044253 0.039407 0.034537 0.029646 0.024737 0.019814 0.014878 0.009934 0.004983 
0.201785 0.201603 0.201300 0.200876 0.200330 0.199664 0.198878 0.197972 0.196947 0.195803 0.194541 0.193162 0.191667 0.190056 0.188331 0.186492 0.184541 0.182479 0.180306 0.178026 0.175638 0.173144 0.170546 0.167845 0.165043 0.162141 0.159142 0.156048 0.152859 0.149578 0.146207 0.142747 0.139202 0.135573 0.131863 0.128073 0.124205 0.120263 0.116249 0.112164 0.108012 0.103795 0.099515 0.095176 0.090779 0.086327 0.081824 0.077271 0.072671 0.068028 0.063344 0.058621 0.053864 0.049074 0.044254 0.039408 0.034538 0.029647 0.024738 0.019814 0.014879 0.009934 0.004984 0.000030 
0.201603 0.201300 0.200876 0.200331 0.199665 0.198878 0.197972 0.196947 0.195803 0.194542 0.193162 0.191667 0.190056 0.188331 0.186492 0.184541 0.182479 0.180307 0.178026 0.175638 0.173144 0.170546 0.167845 0.165043 0.162142 0.159143 0.156048 0.152859 0.149578 0.146207 0.142748 0.139203 0.135574 0.131863 0.128073 0.124206 0.120264 0.116249 0.112165 0.108013 0.103796 0.099516 0.095176 0.090779 0.086328 0.081824 0.077271 0.072672 0.068029 0.063344 0.058622 0.053864 0.049074 0.044254 0.039408 0.034538 0.029647 0.024738 0.019815 0.014879 0.009935 0.004984 0.000031 -0.004923 
0.201300 0.200876 0.200331 0.199665 0.198879 0.197973 0.196948 0.195804 0.194542 0.193163 0.191667 0.190057 0.188331 0.186493 0.184541 0.182479 0.180307 0.178026 0.175638 0.173145 0.170546 0.167846 0.165044 0.162142 0.159143 0.156048 0.152859 0.149579 0.146207 0.142748 0.139203 0.135574 0.131864 0.128074 0.124206 0.120264 0.116250 0.112165 0.108013 0.103796 0.099516 0.095177 0.090780 0.086328 0.081825 0.077272 0.072672 0.068029 0.063345 0.058623 0.053865 0.049075 0.044255 0.039409 0.034539 0.029648 0.024739 0.019815 0.014880 0.009935 0.004985 0.000031 -0.004922 -0.009873 
0.200876 0.200331 0.199665 0.198879 0.197973 0.196948 0.195804 0.194542 0.193163 0.191668 0.190057 0.188332 0.186493 0.184542 0.182480 0.180307 0.178027 0.175639 0.173145 0.170547 0.167846 0.165044 0.162143 0.159144 0.156049 0.152860 0.149579 0.146208 0.142749 0.139204 0.135575 0.131864 0.128074 0.124207 0.120265 0.116250 0.112166 0.108014 0.103797 0.099517 0.095177 0.090780 0.086329 0.081825 0.077272 0.072673 0.068030 0.063345 0.058623 0.053865 0.049075 0.044256 0.039409 0.034539 0.029648 0.024740 0.019816 0.014880 0.009936 0.004985 0.000032 -0.004922 -0.009872 -0.014817 
0.200331 0.199665 0.198879 0.197973 0.196948 0.195804 0.194542 0.193163 0.191668 0.190057 0.188332 0.186493 0.184542 0.182480 0.180308 0.178027 0.175639 0.173145 0.170547 0.167846 0.165044 0.162143 0.159144 0.156049 0.152860 0.149579 0.146208 0.142749 0.139204 0.135575 0.131864 0.128074 0.124207 0.120265 0.116251 0.112166 0.108014 0.103797 0.099517 0.095178 0.090781 0.086329 0.081826 0.077273 0.072673 0.068030 0.063346 0.058624 0.053866 0.049076 0.044256 0.039410 0.034540 0.029649 0.024740 0.019816 0.014881 0.009936 0.004986 0.000032 -0.004921 -0.009872 -0.014816 -0.019752 
0.199666 0.198880 0.197974 0.196948 0.195804 0.194543 0.193164 0.191668 0.190058 0.188332 0.186494 0.184542 0.182480 0.180308 0.178027 0.175639 0.173146 0.170548 0.167847 0.165045 0.162143 0.159144 0.156050 0.152861 0.149580 0.146209 0.142750 0.139204 0.135576 0.131865 0.128075 0.124208 0.120266 0.116251 0.112167 0.108015 0.103798 0.099518 0.095178 0.090781 0.086330 0.081826 0.077273 0.072674 0.068031 0.063346 0.058624 0.053866 0.049076 0.044257 0.039410 0.034540 0.029649 0.024741 0.019817 0.014881 0.009937 0.004986 0.000033 -0.004921 -0.009871 -0.014816 -0.019752 -0.024675 
0.198880 0.197974 0.196949 0.195805 0.194543 0.193164 0.191669 0.190058 0.188333 0.186494 0.184543 0.182481 0.180308 0.178028 0.175640 0.173146 0.170548 0.167847 0.165045 0.162144 0.159145 0.156050 0.152861 0.149580 0.146209 0.142750 0.139205 0.135576 0.131865 0.128075 0.124208 0.120266 0.116252 0.112167 0.108015 0.103798 0.099518 0.095179 0.090782 0.086330 0.081827 0.077274 0.072674 0.068031 0.063347 0.058625 0.053867 0.049077 0.044257 0.039411 0.034541 0.029650 0.024741 0.019818 0.014882 0.009937 0.004987 0.000033 -0.004920 -0.009871 -0.014815 -0.019751 -0.024675 -0.029584 
0.197974 0.196949 0.195805 0.194543 0.193164 0.191669 0.190058 0.188333 0.186494 0.184543 0.182481 0.180309 0.178028 0.175640 0.173146 0.170548 0.167847 0.165046 0.162144 0.159145 0.156050 0.152861 0.149581 0.146210 0.142750 0.139205 0.135576 0.131866 0.128076 0.124209 0.120267 0.116252 0.112168 0.108016 0.103798 0.099519 0.095179 0.090782 0.086331 0.081827 0.077274 0.072675 0.068032 0.063347 0.058625 0.053867 0.049077 0.044258 0.039411 0.034541 0.029650 0.024742 0.019818 0.014883 0.009938 0.004987 0.000034 -0.004920 -0.009870 -0.014815 -0.019751 -0.024674 -0.029583 -0.034474 
0.196949 0.195805 0.194543 0.193164 0.191669 0.190058 0.188333 0.186494 0.184543 0.182481 0.180309 0.178028 0.175640 0.173147 0.170549 0.167848 0.165046 0.162145 0.159146 0.156051 0.152862 0.149581 0.146210 0.142751 0.139206 0.135577 0.131866 0.128076 0.124209 0.120267 0.116253 0.112168 0.108016 0.103799 0.099519 0.095180 0.090783 0.086331 0.081828 0.077275 0.072675 0.068032 0.063348 0.058626 0.053868 0.049078 0.044258 0.039412 0.034542 0.029651 0.024742 0.019819 0.014883 0.009939 0.004988 0.000034 -0.004919 -0.009870 -0.014814 -0.019750 -0.024674 -0.029583 -0.034474 -0.039344 
0.195805 0.194544 0.193165 0.191669 0.190059 0.188333 0.186495 0.184544 0.182481 0.180309 0.178029 0.175641 0.173147 0.170549 0.167848 0.165046 0.162145 0.159146 0.156051 0.152862 0.149581 0.146210 0.142751 0.139206 0.135577 0.131867 0.128077 0.124209 0.120267 0.116253 0.112169 0.108016 0.103799 0.099520 0.095180 0.090783 0.086332 0.081828 0.077275 0.072676 0.068033 0.063348 0.058626 0.053869 0.049078 0.044259 0.039412 0.034542 0.029652 0.024743 0.019819 0.014884 0.009939 0.004989 0.000035 -0.004919 -0.009869 -0.014814 -0.019749 -0.024673 -0.029582 -0.034473 -0.039344 -0.044190 
0.194544 0.193165 0.191670 0.190059 0.188334 0.186495 0.184544 0.182482 0.180310 0.178029 0.175641 0.173147 0.170549 0.167848 0.165047 0.162145 0.159146 0.156051 0.152863 0.149582 0.146211 0.142752 0.139207 0.135578 0.131867 0.128077 0.124210 0.120268 0.116253 0.112169 0.108017 0.103800 0.099520 0.095181 0.090784 0.086332 0.081829 0.077276 0.072676 0.068033 0.063349 0.058627 0.053869 0.049079 0.044259 0.039413 0.034543 0.029652 0.024743 0.019820 0.014884 0.009940 0.004989 0.000036 -0.004918 -0.009869 -0.014813 -0.019749 -0.024673 -0.029582 -0.034473 -0.039343 -0.044190 -0.049010 
0.193165 0.191670 0.190059 0.188334 0.186495 0.184544 0.182482 0.180310 0.178029 0.175641 0.173148 0.170550 0.167849 0.165047 0.162146 0.159147 0.156052 0.152863 0.149582 0.146211 0.142752 0.139207 0.135578 0.131867 0.128077 0.124210 0.120268 0.116254 0.112169 0.108017 0.103800 0.099521 0.095181 0.090784 0.086333 0.081829 0.077276 0.072677 0.068034 0.063349 0.058627 0.053869 0.049079 0.044260 0.039413 0.034543 0.029653 0.024744 0.019820 0.014885 0.009940 0.004990 0.000036 -0.004917 -0.009868 -0.014813 -0.019748 -0.024672 -0.029581 -0.034472 -0.039343 -0.044189 -0.049009 -0.053800 
0.191670 0.190059 0.188334 0.186495 0.184544 0.182482 0.180310 0.178030 0.175642 0.173148 0.170550 0.167849 0.165047 0.162146 0.159147 0.156052 0.152863 0.149582 0.146211 0.142752 0.139207 0.135578 0.131868 0.128078 0.124211 0.120269 0.116254 0.112170 0.108018 0.103801 0.099521 0.095182 0.090785 0.086333 0.081830 0.077277 0.072677 0.068034 0.063350 0.058628 0.053870 0.049080 0.044260 0.039414 0.034544 0.029653 0.024744 0.019821 0.014885 0.009941 0.004990 0.000037 -0.004917 -0.009867 -0.014812 -0.019748 -0.024672 -0.029581 -0.034472 -0.039342 -0.044189 -0.049009 -0.053799 -0.058557 
0.190060 0.188334 0.186496 0.184545 0.182483 0.180310 0.178030 0.175642 0.173148 0.170550 0.167849 0.165047 0.162146 0.159147 0.156052 0.152864 0.149583 0.146212 0.142753 0.139208 0.135579 0.131868 0.128078 0.124211 0.120269 0.116255 0.112170 0.108018 0.103801 0.099522 0.095182 0.090785 0.086334 0.081830 0.077277 0.072678 0.068035 0.063350 0.058628 0.053870 0.049080 0.044261 0.039414 0.034544 0.029654 0.024745 0.019821 0.014886 0.009941 0.004991 0.000037 -0.004916 -0.009867 -0.014812 -0.019747 -0.024671 -0.029580 -0.034471 -0.039341 -0.044188 -0.049008 -0.053799 -0.058557 -0.063280 
0.188335 0.186496 0.184545 0.182483 0.180311 0.178030 0.175642 0.173148 0.170550 0.167850 0.165048 0.162147 0.159148 0.156053 0.152864 0.149583 0.146212 0.142753 0.139208 0.135579 0.131869 0.128079 0.124211 0.120269 0.116255 0.112171 0.108019 0.103802 0.099522 0.095182 0.090786 0.086334 0.081830 0.077278 0.072678 0.068035 0.063351 0.058629 0.053871 0.049081 0.044261 0.039415 0.034545 0.029654 0.024745 0.019822 0.014886 0.009942 0.004991 0.000038 -0.004916 -0.009866 -0.014811 -0.019747 -0.024671 -0.029579 -0.034471 -0.039341 -0.044188 -0.049008 -0.053798 -0.058556 -0.063279 -0.067964 
0.186496 0.184545 0.182483 0.180311 0.178030 0.175642 0.173149 0.170551 0.167850 0.165048 0.162147 0.159148 0.156053 0.152864 0.149583 0.146212 0.142753 0.139208 0.135579 0.131869 0.128079 0.124212 0.120270 0.116255 0.112171 0.108019 0.103802 0.099522 0.095183 0.090786 0.086334 0.081831 0.077278 0.072679 0.068035 0.063351 0.058629 0.053871 0.049081 0.044262 0.039415 0.034545 0.029655 0.024746 0.019822 0.014887 0.009942 0.004992 0.000038 -0.004915 -0.009866 -0.014811 -0.019746 -0.024670 -0.029579 -0.034470 -0.039340 -0.044187 -0.049007 -0.053798 -0.058556 -0.063279 -0.067963 -0.072607 
0.184545 0.182483 0.180311 0.178031 0.175643 0.173149 0.170551 0.167850 0.165048 0.162147 0.159148 0.156053 0.152865 0.149584 0.146213 0.142754 0.139209 0.135580 0.131869 0.128079 0.124212 0.120270 0.116256 0.112171 0.108019 0.103802 0.099523 0.095183 0.090786 0.086335 0.081831 0.077278 0.072679 0.068036 0.063352 0.058629 0.053872 0.049082 0.044262 0.039416 0.034546 0.029655 0.024746 0.019823 0.014887 0.009943 0.004992 0.000039 -0.004915 -0.009865 -0.014810 -0.019746 -0.024669 -0.029578 -0.034470 -0.039340 -0.044187 -0.049007 -0.053797 -0.058555 -0.063278 -0.067963 -0.072606 -0.077206 
0.182484 0.180311 0.178031 0.175643 0.173149 0.170551 0.167850 0.165049 0.162147 0.159148 0.156054 0.152865 0.149584 0.146213 0.142754 0.139209 0.135580 0.131870 0.128080 0.124212 0.120271 0.116256 0.112172 0.108020 0.103803 0.099523 0.095184 0.090787 0.086335 0.081832 0.077279 0.072680 0.068036 0.063352 0.058630 0.053872 0.049082 0.044263 0.039416 0.034546 0.029656 0.024747 0.019823 0.014888 0.009943 0.004993 0.000039 -0.004914 -0.009865 -0.014809 -0.019745 -0.024669 -0.029578 -0.034469 -0.039339 -0.044186 -0.049006 -0.053797 -0.058555 -0.063277 -0.067962 -0.072606 -0.077206 -0.081759 
0.180312 0.178031 0.175643 0.173149 0.170551 0.167851 0.165049 0.162148 0.159149 0.156054 0.152865 0.149584 0.146213 0.142754 0.139209 0.135580 0.131870 0.128080 0.124213 0.120271 0.116257 0.112172 0.108020 0.103803 0.099524 0.095184 0.090787 0.086336 0.081832 0.077279 0.072680 0.068037 0.063353 0.058630 0.053873 0.049083 0.044263 0.039417 0.034547 0.029656 0.024747 0.019824 0.014888 0.009944 0.004993 0.000040 -0.004914 -0.009864 -0.014809 -0.019745 -0.024668 -0.029577 -0.034468 -0.039339 -0.044185 -0.049006 -0.053796 -0.058554 -0.063277 -0.067962 -0.072605 -0.077205 -0.081759 -0.086263 
0.178031 0.175643 0.173150 0.170552 0.167851 0.165049 0.162148 0.159149 0.156054 0.152865 0.149585 0.146214 0.142755 0.139210 0.135581 0.131870 0.128080 0.124213 0.120271 0.116257 0.112172 0.108021 0.103803 0.099524 0.095184 0.090788 0.086336 0.081833 0.077280 0.072680 0.068037 0.063353 0.058631 0.053873 0.049083 0.044264 0.039417 0.034547 0.029656 0.024748 0.019824 0.014889 0.009944 0.004994 0.000040 -0.004913 -0.009864 -0.014808 -0.019744 -0.024668 -0.029577 -0.034468 -0.039338 -0.044185 -0.049005 -0.053795 -0.058554 -0.063276 -0.067961 -0.072605 -0.077205 -0.081758 -0.086263 -0.090715 
0.175644 0.173150 0.170552 0.167851 0.165049 0.162148 0.159149 0.156054 0.152866 0.149585 0.146214 0.142755 0.139210 0.135581 0.131871 0.128081 0.124213 0.120272 0.116257 0.112173 0.108021 0.103804 0.099524 0.095185 0.090788 0.086336 0.081833 0.077280 0.072681 0.068038 0.063353 0.058631 0.053874 0.049084 0.044264 0.039418 0.034548 0.029657 0.024748 0.019825 0.014889 0.009945 0.004994 0.000041 -0.004913 -0.009863 -0.014808 -0.019744 -0.024667 -0.029576 -0.034467 -0.039338 -0.044184 -0.049004 -0.053795 -0.058553 -0.063276 -0.067961 -0.072604 -0.077204 -0.081758 -0.086262 -0.090714 -0.095112 
0.173150 0.170552 0.167851 0.165050 0.162148 0.159149 0.156055 0.152866 0.149585 0.146214 0.142755 0.139210 0.135581 0.131871 0.128081 0.124214 0.120272 0.116258 0.112173 0.108021 0.103804 0.099525 0.095185 0.090788 0.086337 0.081833 0.077280 0.072681 0.068038 0.063354 0.058632 0.053874 0.049084 0.044264 0.039418 0.034548 0.029657 0.024749 0.019825 0.014890 0.009945 0.004995 0.000041 -0.004912 -0.009863 -0.014808 -0.019743 -0.024667 -0.029576 -0.034467 -0.039337 -0.044184 -0.049004 -0.053794 -0.058553 -0.063275 -0.067960 -0.072604 -0.077204 -0.081757 -0.086262 -0.090714 -0.095112 -0.099452 
0.170552 0.167852 0.165050 0.162149 0.159150 0.156055 0.152866 0.149585 0.146214 0.142755 0.139210 0.135582 0.131871 0.128081 0.124214 0.120272 0.116258 0.112173 0.108022 0.103805 0.099525 0.095185 0.090789 0.086337 0.081834 0.077281 0.072682 0.068038 0.063354 0.058632 0.053874 0.049084 0.044265 0.039419 0.034549 0.029658 0.024749 0.019826 0.014890 0.009946 0.004995 0.000042 -0.004912 -0.009862 -0.014807 -0.019743 -0.024666 -0.029575 -0.034467 -0.039337 -0.044183 -0.049003 -0.053794 -0.058552 -0.063275 -0.067960 -0.072603 -0.077203 -0.081757 -0.086261 -0.090713 -0.095111 -0.099451 -0.103732 
0.167852 0.165050 0.162149 0.159150 0.156055 0.152866 0.149586 0.146215 0.142756 0.139211 0.135582 0.131871 0.128081 0.124214 0.120273 0.116258 0.112174 0.108022 0.103805 0.099525 0.095186 0.090789 0.086338 0.081834 0.077281 0.072682 0.068039 0.063355 0.058632 0.053875 0.049085 0.044265 0.039419 0.034549 0.029658 0.024750 0.019826 0.014890 0.009946 0.004996 0.000042 -0.004911 -0.009862 -0.014807 -0.019742 -0.024666 -0.029575 -0.034466 -0.039336 -0.044183 -0.049003 -0.053793 -0.058552 -0.063274 -0.067959 -0.072603 -0.077203 -0.081756 -0.086261 -0.090713 -0.095111 -0.099451 -0.103731 -0.107949 
0.165050 0.162149 0.159150 0.156055 0.152867 0.149586 0.146215 0.142756 0.139211 0.135582 0.131872 0.128082 0.124215 0.120273 0.116258 0.112174 0.108022 0.103805 0.099526 0.095186 0.090789 0.086338 0.081834 0.077282 0.072682 0.068039 0.063355 0.058633 0.053875 0.049085 0.044266 0.039419 0.034549 0.029659 0.024750 0.019826 0.014891 0.009946 0.004996 0.000042 -0.004911 -0.009862 -0.014806 -0.019742 -0.024666 -0.029574 -0.034466 -0.039336 -0.044183 -0.049003 -0.053793 -0.058551 -0.063274 -0.067959 -0.072602 -0.077202 -0.081756 -0.086260 -0.090712 -0.095110 -0.099450 -0.103731 -0.107949 -0.112102 
0.162149 0.159150 0.156056 0.152867 0.149586 0.146215 0.142756 0.139211 0.135582 0.131872 0.128082 0.124215 0.120273 0.116259 0.112174 0.108022 0.103805 0.099526 0.095186 0.090790 0.086338 0.081835 0.077282 0.072683 0.068040 0.063355 0.058633 0.053876 0.049086 0.044266 0.039420 0.034550 0.029659 0.024750 0.019827 0.014891 0.009947 0.004996 0.000043 -0.004911 -0.009861 -0.014806 -0.019741 -0.024665 -0.029574 -0.034465 -0.039335 -0.044182 -0.049002 -0.053793 -0.058551 -0.063273 -0.067958 -0.072602 -0.077202 -0.081755 -0.086260 -0.090712 -0.095110 -0.099450 -0.103730 -0.107948 -0.112101 -0.116187 
0.159151 0.156056 0.152867 0.149586 0.146215 0.142756 0.139211 0.135583 0.131872 0.128082 0.124215 0.120273 0.116259 0.112175 0.108023 0.103806 0.099526 0.095187 0.090790 0.086339 0.081835 0.077282 0.072683 0.068040 0.063356 0.058634 0.053876 0.049086 0.044266 0.039420 0.034550 0.029659 0.024751 0.019827 0.014892 0.009947 0.004997 0.000043 -0.004910 -0.009861 -0.014805 -0.019741 -0.024665 -0.029574 -0.034465 -0.039335 -0.044182 -0.049002 -0.053792 -0.058550 -0.063273 -0.067958 -0.072601 -0.077201 -0.081755 -0.086259 -0.090711 -0.095109 -0.099449 -0.103730 -0.107948 -0.112101 -0.116186 -0.120202 
0.156056 0.152867 0.149587 0.146216 0.142757 0.139212 0.135583 0.131872 0.128083 0.124215 0.120274 0.116259 0.112175 0.108023 0.103806 0.099527 0.095187 0.090790 0.086339 0.081835 0.077283 0.072683 0.068040 0.063356 0.058634 0.053876 0.049086 0.044267 0.039421 0.034551 0.029660 0.024751 0.019828 0.014892 0.009948 0.004997 0.000044 -0.004910 -0.009860 -0.014805 -0.019740 -0.024664 -0.029573 -0.034464 -0.039334 -0.044181 -0.049001 -0.053792 -0.058550 -0.063272 -0.067957 -0.072601 -0.077201 -0.081754 -0.086259 -0.090711 -0.095109 -0.099449 -0.103729 -0.107947 -0.112100 -0.116186 -0.120201 -0.124144 
0.152868 0.149587 0.146216 0.142757 0.139212 0.135583 0.131873 0.128083 0.124216 0.120274 0.116260 0.112175 0.108023 0.103806 0.099527 0.095187 0.090791 0.086339 0.081836 0.077283 0.072684 0.068041 0.063356 0.058634 0.053877 0.049087 0.044267 0.039421 0.034551 0.029660 0.024752 0.019828 0.014892 0.009948 0.004998 0.000044 -0.004909 -0.009860 -0.014804 -0.019740 -0.024664 -0.029573 -0.034464 -0.039334 -0.044181 -0.049001 -0.053791 -0.058549 -0.063272 -0.067957 -0.072600 -0.077200 -0.081754 -0.086258 -0.090711 -0.095108 -0.099449 -0.103729 -0.107947 -0.112100 -0.116185 -0.120201 -0.124144 -0.128012 
0.149587 0.146216 0.142757 0.139212 0.135583 0.131873 0.128083 0.124216 0.120274 0.116260 0.112175 0.108024 0.103807 0.099527 0.095188 0.090791 0.086339 0.081836 0.077283 0.072684 0.068041 0.063357 0.058635 0.053877 0.049087 0.044267 0.039421 0.034551 0.029661 0.024752 0.019828 0.014893 0.009948 0.004998 0.000045 -0.004909 -0.009859 -0.014804 -0.019740 -0.024663 -0.029572 -0.034463 -0.039334 -0.044180 -0.049000 -0.053791 -0.058549 -0.063272 -0.067956 -0.072600 -0.077200 -0.081754 -0.086258 -0.090710 -0.095108 -0.099448 -0.103728 -0.107946 -0.112099 -0.116185 -0.120200 -0.124143 -0.128011 -0.131803 
0.146216 0.142757 0.139212 0.135584 0.131873 0.128083 0.124216 0.120274 0.116260 0.112176 0.108024 0.103807 0.099527 0.095188 0.090791 0.086340 0.081836 0.077284 0.072684 0.068041 0.063357 0.058635 0.053877 0.049087 0.044268 0.039422 0.034552 0.029661 0.024752 0.019829 0.014893 0.009949 0.004998 0.000045 -0.004909 -0.009859 -0.014804 -0.019739 -0.024663 -0.029572 -0.034463 -0.039333 -0.044180 -0.049000 -0.053790 -0.058548 -0.063271 -0.067956 -0.072600 -0.077200 -0.081753 -0.086257 -0.090710 -0.095107 -0.099448 -0.103728 -0.107946 -0.112099 -0.116184 -0.120200 -0.124143 -0.128011 -0.131802 -0.135514 
0.142757 0.139213 0.135584 0.131873 0.128083 0.124216 0.120275 0.116260 0.112176 0.108024 0.103807 0.099528 0.095188 0.090791 0.086340 0.081837 0.077284 0.072684 0.068041 0.063357 0.058635 0.053878 0.049088 0.044268 0.039422 0.034552 0.029661 0.024753 0.019829 0.014894 0.009949 0.004999 0.000045 -0.004908 -0.009859 -0.014803 -0.019739 -0.024663 -0.029571 -0.034462 -0.039333 -0.044179 -0.048999 -0.053790 -0.058548 -0.063271 -0.067955 -0.072599 -0.077199 -0.081753 -0.086257 -0.090709 -0.095107 -0.099447 -0.103728 -0.107946 -0.112098 -0.116184 -0.120199 -0.124142 -0.128010 -0.131802 -0.135513 -0.139143 
0.139213 0.135584 0.131873 0.128084 0.124217 0.120275 0.116260 0.112176 0.108024 0.103807 0.099528 0.095188 0.090792 0.086340 0.081837 0.077284 0.072685 0.068042 0.063358 0.058635 0.053878 0.049088 0.044268 0.039422 0.034552 0.029662 0.024753 0.019829 0.014894 0.009950 0.004999 0.000046 -0.004908 -0.009858 -0.014803 -0.019738 -0.024662 -0.029571 -0.034462 -0.039332 -0.044179 -0.048999 -0.053789 -0.058547 -0.063270 -0.067955 -0.072599 -0.077199 -0.081752 -0.086256 -0.090709 -0.095106 -0.099447 -0.103727 -0.107945 -0.112098 -0.116183 -0.120199 -0.124142 -0.128010 -0.131801 -0.135513 -0.139143 -0.142689 
0.135584 0.131874 0.128084 0.124217 0.120275 0.116261 0.112176 0.108024 0.103808 0.099528 0.095189 0.090792 0.086340 0.081837 0.077284 0.072685 0.068042 0.063358 0.058636 0.053878 0.049088 0.044269 0.039423 0.034553 0.029662 0.024753 0.019830 0.014894 0.009950 0.004999 0.000046 -0.004907 -0.009858 -0.014802 -0.019738 -0.024662 -0.029571 -0.034462 -0.039332 -0.044179 -0.048999 -0.053789 -0.058547 -0.063270 -0.067955 -0.072598 -0.077198 -0.081752 -0.086256 -0.090708 -0.095106 -0.099446 -0.103727 -0.107945 -0.112098 -0.116183 -0.120198 -0.124141 -0.128010 -0.131801 -0.135512 -0.139142 -0.142689 -0.146149 
0.131874 0.128084 0.124217 0.120275 0.116261 0.112177 0.108025 0.103808 0.099528 0.095189 0.090792 0.086341 0.081837 0.077285 0.072685 0.068042 0.063358 0.058636 0.053879 0.049089 0.044269 0.039423 0.034553 0.029662 0.024754 0.019830 0.014895 0.009950 0.005000 0.000046 -0.004907 -0.009858 -0.014802 -0.019738 -0.024661 -0.029570 -0.034461 -0.039332 -0.044178 -0.048998 -0.053789 -0.058547 -0.063269 -0.067954 -0.072598 -0.077198 -0.081751 -0.086256 -0.090708 -0.095105 -0.099446 -0.103726 -0.107944 -0.112097 -0.116182 -0.120198 -0.124141 -0.128009 -0.131800 -0.135512 -0.139142 -0.142688 -0.146149 -0.149521 
0.128084 0.124217 0.120275 0.116261 0.112177 0.108025 0.103808 0.099528 0.095189 0.090792 0.086341 0.081838 0.077285 0.072686 0.068042 0.063358 0.058636 0.053879 0.049089 0.044269 0.039423 0.034553 0.029662 0.024754 0.019830 0.014895 0.009951 0.005000 0.000047 -0.004907 -0.009857 -0.014802 -0.019737 -0.024661 -0.029570 -0.034461 -0.039331 -0.044178 -0.048998 -0.053788 -0.058546 -0.063269 -0.067954 -0.072597 -0.077197 -0.081751 -0.086255 -0.090707 -0.095105 -0.099445 -0.103726 -0.107944 -0.112097 -0.116182 -0.120197 -0.124140 -0.128009 -0.131800 -0.135511 -0.139142 -0.142688 -0.146148 -0.149520 -0.152803 
0.124217 0.120275 0.116261 0.112177 0.108025 0.103808 0.099529 0.095189 0.090793 0.086341 0.081838 0.077285 0.072686 0.068043 0.063359 0.058637 0.053879 0.049089 0.044270 0.039423 0.034553 0.029663 0.024754 0.019831 0.014895 0.009951 0.005000 0.000047 -0.004906 -0.009857 -0.014801 -0.019737 -0.024661 -0.029570 -0.034461 -0.039331 -0.044177 -0.048997 -0.053788 -0.058546 -0.063269 -0.067953 -0.072597 -0.077197 -0.081751 -0.086255 -0.090707 -0.095105 -0.099445 -0.103725 -0.107943 -0.112096 -0.116182 -0.120197 -0.124140 -0.128008 -0.131799 -0.135511 -0.139141 -0.142687 -0.146148 -0.149520 -0.152802 -0.155992 
0.120276 0.116261 0.112177 0.108025 0.103808 0.099529 0.095189 0.090793 0.086341 0.081838 0.077285 0.072686 0.068043 0.063359 0.058637 0.053879 0.049089 0.044270 0.039424 0.034554 0.029663 0.024754 0.019831 0.014896 0.009951 0.005001 0.000047 -0.004906 -0.009857 -0.014801 -0.019737 -0.024660 -0.029569 -0.034460 -0.039331 -0.044177 -0.048997 -0.053787 -0.058546 -0.063268 -0.067953 -0.072597 -0.077197 -0.081750 -0.086254 -0.090707 -0.095104 -0.099445 -0.103725 -0.107943 -0.112096 -0.116181 -0.120197 -0.124140 -0.128008 -0.131799 -0.135511 -0.139141 -0.142687 -0.146147 -0.149520 -0.152802 -0.155992 -0.159088 
0.116261 0.112177 0.108025 0.103808 0.099529 0.095190 0.090793 0.086342 0.081838 0.077285 0.072686 0.068043 0.063359 0.058637 0.053880 0.049090 0.044270 0.039424 0.034554 0.029663 0.024755 0.019831 0.014896 0.009951 0.005001 0.000048 -0.004906 -0.009856 -0.014801 -0.019736 -0.024660 -0.029569 -0.034460 -0.039330 -0.044177 -0.048997 -0.053787 -0.058545 -0.063268 -0.067953 -0.072596 -0.077196 -0.081750 -0.086254 -0.090706 -0.095104 -0.099444 -0.103725 -0.107943 -0.112095 -0.116181 -0.120196 -0.124139 -0.128007 -0.131799 -0.135510 -0.139140 -0.142687 -0.146147 -0.149519 -0.152801 -0.155991 -0.159088 -0.162088 
0.112177 0.108026 0.103809 0.099529 0.095190 0.090793 0.086342 0.081838 0.077286 0.072686 0.068043 0.063359 0.058637 0.053880 0.049090 0.044270 0.039424 0.034554 0.029664 0.024755 0.019832 0.014896 0.009952 0.005001 0.000048 -0.004905 -0.009856 -0.014800 -0.019736 -0.024660 -0.029569 -0.034460 -0.039330 -0.044176 -0.048996 -0.053787 -0.058545 -0.063268 -0.067952 -0.072596 -0.077196 -0.081749 -0.086254 -0.090706 -0.095103 -0.099444 -0.103724 -0.107942 -0.112095 -0.116180 -0.120196 -0.124139 -0.128007 -0.131798 -0.135510 -0.139140 -0.142686 -0.146146 -0.149519 -0.152801 -0.155991 -0.159087 -0.162087 -0.164990 
0.108026 0.103809 0.099529 0.095190 0.090793 0.086342 0.081838 0.077286 0.072687 0.068044 0.063360 0.058637 0.053880 0.049090 0.044271 0.039424 0.034555 0.029664 0.024755 0.019832 0.014896 0.009952 0.005002 0.000048 -0.004905 -0.009856 -0.014800 -0.019736 -0.024659 -0.029568 -0.034459 -0.039330 -0.044176 -0.048996 -0.053786 -0.058544 -0.063267 -0.067952 -0.072596 -0.077196 -0.081749 -0.086253 -0.090705 -0.095103 -0.099443 -0.103724 -0.107942 -0.112095 -0.116180 -0.120195 -0.124138 -0.128007 -0.131798 -0.135509 -0.139139 -0.142686 -0.146146 -0.149518 -0.152800 -0.155991 -0.159087 -0.162087 -0.164990 -0.167793 
0.103809 0.099529 0.095190 0.090793 0.086342 0.081839 0.077286 0.072687 0.068044 0.063360 0.058638 0.053880 0.049090 0.044271 0.039425 0.034555 0.029664 0.024755 0.019832 0.014897 0.009952 0.005002 0.000048 -0.004905 -0.009855 -0.014800 -0.019735 -0.024659 -0.029568 -0.034459 -0.039329 -0.044176 -0.048996 -0.053786 -0.058544 -0.063267 -0.067952 -0.072595 -0.077195 -0.081749 -0.086253 -0.090705 -0.095103 -0.099443 -0.103723 -0.107941 -0.112094 -0.116180 -0.120195 -0.124138 -0.128006 -0.131797 -0.135509 -0.139139 -0.142685 -0.146146 -0.149518 -0.152800 -0.155990 -0.159086 -0.162087 -0.164989 -0.167793 -0.170495 
0.099530 0.095190 0.090794 0.086342 0.081839 0.077286 0.072687 0.068044 0.063360 0.058638 0.053880 0.049090 0.044271 0.039425 0.034555 0.029664 0.024756 0.019832 0.014897 0.009952 0.005002 0.000049 -0.004905 -0.009855 -0.014800 -0.019735 -0.024659 -0.029568 -0.034459 -0.039329 -0.044175 -0.048995 -0.053786 -0.058544 -0.063267 -0.067951 -0.072595 -0.077195 -0.081748 -0.086253 -0.090705 -0.095102 -0.099443 -0.103723 -0.107941 -0.112094 -0.116179 -0.120195 -0.124138 -0.128006 -0.131797 -0.135509 -0.139139 -0.142685 -0.146145 -0.149517 -0.152800 -0.155990 -0.159086 -0.162086 -0.164989 -0.167792 -0.170495 -0.173094 
0.095190 0.090794 0.086342 0.081839 0.077286 0.072687 0.068044 0.063360 0.058638 0.053881 0.049091 0.044271 0.039425 0.034555 0.029664 0.024756 0.019832 0.014897 0.009953 0.005002 0.000049 -0.004904 -0.009855 -0.014799 -0.019735 -0.024659 -0.029567 -0.034458 -0.039329 -0.044175 -0.048995 -0.053785 -0.058544 -0.063266 -0.067951 -0.072595 -0.077195 -0.081748 -0.086252 -0.090704 -0.095102 -0.099442 -0.103723 -0.107941 -0.112094 -0.116179 -0.120194 -0.124137 -0.128005 -0.131797 -0.135508 -0.139138 -0.142685 -0.146145 -0.149517 -0.152799 -0.155989 -0.159086 -0.162086 -0.164989 -0.167792 -0.170494 -0.173094 -0.175589 
0.090794 0.086342 0.081839 0.077286 0.072687 0.068044 0.063360 0.058638 0.053881 0.049091 0.044271 0.039425 0.034555 0.029665 0.024756 0.019833 0.014897 0.009953 0.005003 0.000049 -0.004904 -0.009855 -0.014799 -0.019735 -0.024658 -0.029567 -0.034458 -0.039328 -0.044175 -0.048995 -0.053785 -0.058543 -0.063266 -0.067951 -0.072594 -0.077194 -0.081748 -0.086252 -0.090704 -0.095102 -0.099442 -0.103722 -0.107940 -0.112093 -0.116179 -0.120194 -0.124137 -0.128005 -0.131796 -0.135508 -0.139138 -0.142684 -0.146144 -0.149517 -0.152799 -0.155989 -0.159085 -0.162086 -0.164988 -0.167792 -0.170494 -0.173093 -0.175589 -0.177978 
0.086343 0.081839 0.077287 0.072687 0.068044 0.063360 0.058638 0.053881 0.049091 0.044271 0.039425 0.034556 0.029665 0.024756 0.019833 0.014897 0.009953 0.005003 0.000049 -0.004904 -0.009854 -0.014799 -0.019734 -0.024658 -0.029567 -0.034458 -0.039328 -0.044175 -0.048995 -0.053785 -0.058543 -0.063266 -0.067950 -0.072594 -0.077194 -0.081747 -0.086252 -0.090704 -0.095101 -0.099442 -0.103722 -0.107940 -0.112093 -0.116178 -0.120194 -0.124137 -0.128005 -0.131796 -0.135508 -0.139138 -0.142684 -0.146144 -0.149516 -0.152799 -0.155989 -0.159085 -0.162085 -0.164988 -0.167791 -0.170493 -0.173093 -0.175588 -0.177978 -0.180260 
0.081839 0.077287 0.072687 0.068044 0.063361 0.058638 0.053881 0.049091 0.044272 0.039426 0.034556 0.029665 0.024756 0.019833 0.014898 0.009953 0.005003 0.000050 -0.004904 -0.009854 -0.014799 -0.019734 -0.024658 -0.029567 -0.034458 -0.039328 -0.044174 -0.048994 -0.053785 -0.058543 -0.063265 -0.067950 -0.072594 -0.077194 -0.081747 -0.086251 -0.090703 -0.095101 -0.099441 -0.103722 -0.107940 -0.112093 -0.116178 -0.120193 -0.124136 -0.128004 -0.131796 -0.135507 -0.139137 -0.142683 -0.146144 -0.149516 -0.152798 -0.155988 -0.159084 -0.162085 -0.164987 -0.167791 -0.170493 -0.173093 -0.175588 -0.177977 -0.180260 -0.182433 
0.077287 0.072688 0.068045 0.063361 0.058639 0.053881 0.049091 0.044272 0.039426 0.034556 0.029665 0.024757 0.019833 0.014898 0.009954 0.005003 0.000050 -0.004904 -0.009854 -0.014798 -0.019734 -0.024658 -0.029566 -0.034457 -0.039328 -0.044174 -0.048994 -0.053784 -0.058542 -0.063265 -0.067950 -0.072593 -0.077193 -0.081747 -0.086251 -0.090703 -0.095101 -0.099441 -0.103721 -0.107939 -0.112092 -0.116178 -0.120193 -0.124136 -0.128004 -0.131795 -0.135507 -0.139137 -0.142683 -0.146143 -0.149516 -0.152798 -0.155988 -0.159084 -0.162084 -0.164987 -0.167790 -0.170493 -0.173092 -0.175587 -0.177977 -0.180259 -0.182433 -0.184497 
0.072688 0.068045 0.063361 0.058639 0.053881 0.049091 0.044272 0.039426 0.034556 0.029665 0.024757 0.019833 0.014898 0.009954 0.005003 0.000050 -0.004903 -0.009854 -0.014798 -0.019734 -0.024657 -0.029566 -0.034457 -0.039327 -0.044174 -0.048994 -0.053784 -0.058542 -0.063265 -0.067949 -0.072593 -0.077193 -0.081746 -0.086251 -0.090703 -0.095100 -0.099441 -0.103721 -0.107939 -0.112092 -0.116177 -0.120193 -0.124136 -0.128004 -0.131795 -0.135507 -0.139137 -0.142683 -0.146143 -0.149515 -0.152797 -0.155988 -0.159084 -0.162084 -0.164987 -0.167790 -0.170492 -0.173092 -0.175587 -0.177977 -0.180259 -0.182432 -0.184496 -0.186449 
0.068045 0.063361 0.058639 0.053881 0.049091 0.044272 0.039426 0.034556 0.029665 0.024757 0.019834 0.014898 0.009954 0.005004 0.000050 -0.004903 -0.009854 -0.014798 -0.019734 -0.024657 -0.029566 -0.034457 -0.039327 -0.044174 -0.048994 -0.053784 -0.058542 -0.063265 -0.067949 -0.072593 -0.077193 -0.081746 -0.086250 -0.090703 -0.095100 -0.099440 -0.103721 -0.107939 -0.112092 -0.116177 -0.120192 -0.124135 -0.128003 -0.131795 -0.135506 -0.139136 -0.142682 -0.146143 -0.149515 -0.152797 -0.155987 -0.159083 -0.162084 -0.164986 -0.167790 -0.170492 -0.173091 -0.175587 -0.177976 -0.180258 -0.182432 -0.184496 -0.186449 -0.188289 
0.063361 0.058639 0.053881 0.049092 0.044272 0.039426 0.034556 0.029666 0.024757 0.019834 0.014898 0.009954 0.005004 0.000050 -0.004903 -0.009853 -0.014798 -0.019733 -0.024657 -0.029566 -0.034457 -0.039327 -0.044173 -0.048993 -0.053784 -0.058542 -0.063264 -0.067949 -0.072593 -0.077193 -0.081746 -0.086250 -0.090702 -0.095100 -0.099440 -0.103721 -0.107938 -0.112091 -0.116177 -0.120192 -0.124135 -0.128003 -0.131794 -0.135506 -0.139136 -0.142682 -0.146142 -0.149515 -0.152797 -0.155987 -0.159083 -0.162083 -0.164986 -0.167789 -0.170492 -0.173091 -0.175586 -0.177976 -0.180258 -0.182432 -0.184496 -0.186448 -0.188289 -0.190015 
0.058639 0.053882 0.049092 0.044272 0.039426 0.034556 0.029666 0.024757 0.019834 0.014898 0.009954 0.005004 0.000051 -0.004903 -0.009853 -0.014798 -0.019733 -0.024657 -0.029566 -0.034457 -0.039327 -0.044173 -0.048993 -0.053783 -0.058541 -0.063264 -0.067949 -0.072592 -0.077192 -0.081746 -0.086250 -0.090702 -0.095100 -0.099440 -0.103720 -0.107938 -0.112091 -0.116176 -0.120192 -0.124135 -0.128003 -0.131794 -0.135506 -0.139136 -0.142682 -0.146142 -0.149514 -0.152797 -0.155987 -0.159083 -0.162083 -0.164986 -0.167789 -0.170491 -0.173091 -0.175586 -0.177976 -0.180258 -0.182431 -0.184495 -0.186448 -0.188288 -0.190015 -0.191627 
0.053882 0.049092 0.044272 0.039426 0.034556 0.029666 0.024757 0.019834 0.014899 0.009954 0.005004 0.000051 -0.004903 -0.009853 -0.014797 -0.019733 -0.024657 -0.029565 -0.034456 -0.039327 -0.044173 -0.048993 -0.053783 -0.058541 -0.063264 -0.067949 -0.072592 -0.077192 -0.081745 -0.086250 -0.090702 -0.095099 -0.099440 -0.103720 -0.107938 -0.112091 -0.116176 -0.120191 -0.124134 -0.128003 -0.131794 -0.135505 -0.139135 -0.142682 -0.146142 -0.149514 -0.152796 -0.155986 -0.159082 -0.162083 -0.164985 -0.167789 -0.170491 -0.173090 -0.175586 -0.177975 -0.180257 -0.182431 -0.184495 -0.186448 -0.188288 -0.190015 -0.191627 -0.193124 
0.049092 0.044272 0.039426 0.034557 0.029666 0.024757 0.019834 0.014899 0.009954 0.005004 0.000051 -0.004903 -0.009853 -0.014797 -0.019733 -0.024656 -0.029565 -0.034456 -0.039326 -0.044173 -0.048993 -0.053783 -0.058541 -0.063264 -0.067948 -0.072592 -0.077192 -0.081745 -0.086249 -0.090702 -0.095099 -0.099439 -0.103720 -0.107938 -0.112091 -0.116176 -0.120191 -0.124134 -0.128002 -0.131793 -0.135505 -0.139135 -0.142681 -0.146142 -0.149514 -0.152796 -0.155986 -0.159082 -0.162082 -0.164985 -0.167788 -0.170491 -0.173090 -0.175585 -0.177975 -0.180257 -0.182431 -0.184495 -0.186447 -0.188288 -0.190014 -0.191627 -0.193124 -0.194505 
0.044272 0.039426 0.034557 0.029666 0.024757 0.019834 0.014899 0.009954 0.005004 0.000051 -0.004902 -0.009853 -0.014797 -0.019733 -0.024656 -0.029565 -0.034456 -0.039326 -0.044173 -0.048993 -0.053783 -0.058541 -0.063264 -0.067948 -0.072592 -0.077192 -0.081745 -0.086249 -0.090701 -0.095099 -0.099439 -0.103720 -0.107937 -0.112090 -0.116176 -0.120191 -0.124134 -0.128002 -0.131793 -0.135505 -0.139135 -0.142681 -0.146141 -0.149513 -0.152796 -0.155986 -0.159082 -0.162082 -0.164985 -0.167788 -0.170490 -0.173090 -0.175585 -0.177975 -0.180257 -0.182430 -0.184494 -0.186447 -0.188287 -0.190014 -0.191627 -0.193124 -0.194504 -0.195768 
0.039426 0.034557 0.029666 0.024758 0.019834 0.014899 0.009955 0.005004 0.000051 -0.004902 -0.009853 -0.014797 -0.019733 -0.024656 -0.029565 -0.034456 -0.039326 -0.044173 -0.048992 -0.053783 -0.058541 -0.063263 -0.067948 -0.072592 -0.077191 -0.081745 -0.086249 -0.090701 -0.095099 -0.099439 -0.103719 -0.107937 -0.112090 -0.116175 -0.120191 -0.124134 -0.128002 -0.131793 -0.135505 -0.139135 -0.142681 -0.146141 -0.149513 -0.152795 -0.155985 -0.159082 -0.162082 -0.164985 -0.167788 -0.170490 -0.173090 -0.175585 -0.177974 -0.180257 -0.182430 -0.184494 -0.186447 -0.188287 -0.190014 -0.191626 -0.193123 -0.194504 -0.195767 -0.196913 
0.034557 0.029666 0.024758 0.019834 0.014899 0.009955 0.005004 0.000051 -0.004902 -0.009853 -0.014797 -0.019732 -0.024656 -0.029565 -0.034456 -0.039326 -0.044172 -0.048992 -0.053783 -0.058541 -0.063263 -0.067948 -0.072591 -0.077191 -0.081745 -0.086249 -0.090701 -0.095099 -0.099439 -0.103719 -0.107937 -0.112090 -0.116175 -0.120191 -0.124133 -0.128002 -0.131793 -0.135504 -0.139134 -0.142680 -0.146141 -0.149513 -0.152795 -0.155985 -0.159081 -0.162082 -0.164984 -0.167788 -0.170490 -0.173089 -0.175585 -0.177974 -0.180256 -0.182430 -0.184494 -0.186446 -0.188287 -0.190014 -0.191626 -0.193123 -0.194504 -0.195767 -0.196913 -0.197940 
0.029666 0.024758 0.019834 0.014899 0.009955 0.005004 0.000051 -0.004902 -0.009852 -0.014797 -0.019732 -0.024656 -0.029565 -0.034456 -0.039326 -0.044172 -0.048992 -0.053782 -0.058540 -0.063263 -0.067948 -0.072591 -0.077191 -0.081744 -0.086249 -0.090701 -0.095098 -0.099439 -0.103719 -0.107937 -0.112090 -0.116175 -0.120190 -0.124133 -0.128001 -0.131792 -0.135504 -0.139134 -0.142680 -0.146140 -0.149513 -0.152795 -0.155985 -0.159081 -0.162081 -0.164984 -0.167787 -0.170490 -0.173089 -0.175584 -0.177974 -0.180256 -0.182430 -0.184493 -0.186446 -0.188286 -0.190013 -0.191626 -0.193123 -0.194503 -0.195767 -0.196912 -0.197939 -0.198847 
0.024758 0.019834 0.014899 0.009955 0.005004 0.000051 -0.004902 -0.009852 -0.014797 -0.019732 -0.024656 -0.029565 -0.034456 -0.039326 -0.044172 -0.048992 -0.053782 -0.058540 -0.063263 -0.067947 -0.072591 -0.077191 -0.081744 -0.086248 -0.090701 -0.095098 -0.099438 -0.103719 -0.107937 -0.112089 -0.116175 -0.120190 -0.124133 -0.128001 -0.131792 -0.135504 -0.139134 -0.142680 -0.146140 -0.149512 -0.152795 -0.155985 -0.159081 -0.162081 -0.164984 -0.167787 -0.170489 -0.173089 -0.175584 -0.177973 -0.180256 -0.182429 -0.184493 -0.186446 -0.188286 -0.190013 -0.191625 -0.193122 -0.194503 -0.195766 -0.196912 -0.197939 -0.198847 -0.199635 
0.019834 0.014899 0.009955 0.005005 0.000051 -0.004902 -0.009852 -0.014797 -0.019732 -0.024656 -0.029565 -0.034455 -0.039326 -0.044172 -0.048992 -0.053782 -0.058540 -0.063263 -0.067947 -0.072591 -0.077191 -0.081744 -0.086248 -0.090700 -0.095098 -0.099438 -0.103719 -0.107936 -0.112089 -0.116175 -0.120190 -0.124133 -0.128001 -0.131792 -0.135504 -0.139134 -0.142680 -0.146140 -0.149512 -0.152794 -0.155984 -0.159081 -0.162081 -0.164984 -0.167787 -0.170489 -0.173089 -0.175584 -0.177973 -0.180255 -0.182429 -0.184493 -0.186445 -0.188286 -0.190013 -0.191625 -0.193122 -0.194503 -0.195766 -0.196912 -0.197939 -0.198846 -0.199634 -0.200302 
0.014899 0.009955 0.005005 0.000051 -0.004902 -0.009852 -0.014797 -0.019732 -0.024656 -0.029564 -0.034455 -0.039325 -0.044172 -0.048992 -0.053782 -0.058540 -0.063263 -0.067947 -0.072591 -0.077191 -0.081744 -0.086248 -0.090700 -0.095098 -0.099438 -0.103718 -0.107936 -0.112089 -0.116174 -0.120190 -0.124133 -0.128001 -0.131792 -0.135503 -0.139133 -0.142680 -0.146140 -0.149512 -0.152794 -0.155984 -0.159080 -0.162081 -0.164983 -0.167787 -0.170489 -0.173088 -0.175583 -0.177973 -0.180255 -0.182429 -0.184493 -0.186445 -0.188286 -0.190012 -0.191625 -0.193122 -0.194502 -0.195766 -0.196912 -0.197938 -0.198846 -0.199634 -0.200302 -0.200849 
0.009955 0.005005 0.000051 -0.004902 -0.009852 -0.014797 -0.019732 -0.024656 -0.029564 -0.034455 -0.039325 -0.044172 -0.048992 -0.053782 -0.058540 -0.063263 -0.067947 -0.072591 -0.077191 -0.081744 -0.086248 -0.090700 -0.095098 -0.099438 -0.103718 -0.107936 -0.112089 -0.116174 -0.120190 -0.124132 -0.128001 -0.131792 -0.135503 -0.139133 -0.142679 -0.146140 -0.149512 -0.152794 -0.155984 -0.159080 -0.162080 -0.164983 -0.167786 -0.170489 -0.173088 -0.175583 -0.177973 -0.180255 -0.182429 -0.184492 -0.186445 -0.188285 -0.190012 -0.191625 -0.193122 -0.194502 -0.195766 -0.196911 -0.197938 -0.198846 -0.199634 -0.200301 -0.200848 -0.201274 
0.005005 0.000051 -0.004902 -0.009852 -0.014797 -0.019732 -0.024656 -0.029564 -0.034455 -0.039325 -0.044172 -0.048992 -0.053782 -0.058540 -0.063262 -0.067947 -0.072591 -0.077190 -0.081744 -0.086248 -0.090700 -0.095098 -0.099438 -0.103718 -0.107936 -0.112089 -0.116174 -0.120189 -0.124132 -0.128000 -0.131791 -0.135503 -0.139133 -0.142679 -0.146139 -0.149512 -0.152794 -0.155984 -0.159080 -0.162080 -0.164983 -0.167786 -0.170488 -0.173088 -0.175583 -0.177972 -0.180255 -0.182428 -0.184492 -0.186445 -0.188285 -0.190012 -0.191624 -0.193121 -0.194502 -0.195765 -0.196911 -0.197938 -0.198846 -0.199634 -0.200301 -0.200848 -0.201274 -0.201579 
