6.233891849517821937e-01
4.553129279613494784e-01
4.041877790689468175e-01
3.759855079650878951e-01
3.487657608985900715e-01
3.301559336185455051e-01
3.160958924293518213e-01
2.989776988029479998e-01
2.844178450107574530e-01
2.742891881465912007e-01
2.694908478260040208e-01
2.566564333438873247e-01
2.510595273971557573e-01
2.422051888704299938e-01
2.352247297763824518e-01
2.319682989120483430e-01
2.237451000213623031e-01
2.202714962959289591e-01
2.148172662258148180e-01
2.142544469833373988e-01
2.046715445518493548e-01
1.993729863166809058e-01
1.994769889116287109e-01
1.946399010419845588e-01
1.932472658157348699e-01
1.915631748437881532e-01
1.818707157373428418e-01
1.800029184818267847e-01
1.761746535301208505e-01
1.787684147357940789e-01
1.756382308006286530e-01
1.670015630722045952e-01
1.634771120548248191e-01
1.597681933641433849e-01
1.596925057172775275e-01
1.554891046285629408e-01
1.511027721166610660e-01
1.529153870344162058e-01
1.433250719308853116e-01
1.406580715179443497e-01
1.381453638076782231e-01
1.397093033790588468e-01
1.346278454661369306e-01
1.288467152118682735e-01
1.276852393150329501e-01
1.306259747147560102e-01
1.216644395589828453e-01
1.189664509296417261e-01
1.128793106079101494e-01
1.065841578245163013e-01
1.058511916399002134e-01
1.034239040613174482e-01
9.883685827255249412e-02
9.992875218391418513e-02
9.211308884620666992e-02
9.228172826766967152e-02
8.613757863640784940e-02
8.388414728641510609e-02
8.004644775390624967e-02
7.791079878807068149e-02
7.535230398178099920e-02
7.333168488740920976e-02
7.038353860378265825e-02
6.777865880727768078e-02
6.626957321166991599e-02
6.117796885967254766e-02
5.983039140701294084e-02
5.580224543809890470e-02
5.520522356033324973e-02
5.064928284287452398e-02
5.005434960126876887e-02
4.867820948362350242e-02
4.645431548357009666e-02
4.447289460897446006e-02
4.486561670899390925e-02
4.029398512840270952e-02
3.863319304585456637e-02
3.691192087531090099e-02
3.763031864166260093e-02
3.767050856351852189e-02
3.370967486500740101e-02
3.161823311448096890e-02
3.034410418570041706e-02
2.967405122518539454e-02
2.872181902825832536e-02
2.832524299621581865e-02
2.689594814181327925e-02
2.580824573338031877e-02
2.508259305357932872e-02
2.415336214005947210e-02
2.292962390184402621e-02
2.292236709594726654e-02
2.146662722527980724e-02
2.077355961501598305e-02
2.045030263066291779e-02
2.007150541990995393e-02
1.996897770464420296e-02
1.857881042361259408e-02
1.857738317549228677e-02
1.765706522762775302e-02
1.782885965704917794e-02
1.705680763721465973e-02
1.662180818617343958e-02
1.582123652100562994e-02
1.604813091456890051e-02
1.548644825816154411e-02
1.497631422430276832e-02
1.451466687023639755e-02
1.403929733484983455e-02
1.436482615768909510e-02
1.358289548382162967e-02
1.267643650621175754e-02
1.273277103900909493e-02
1.292117575556039726e-02
1.271761910617351561e-02
1.217894428968429622e-02
1.221109773963689749e-02
1.113383218646049437e-02
1.133961752057075466e-02
1.095499445497989666e-02
1.094725432619452453e-02
1.063586813211441114e-02
1.026059869304299377e-02
9.898784551769495427e-03
1.002424040064215684e-02
9.752960383892058521e-03
9.824315402656793456e-03
9.640436857938765661e-03
9.714972175657749301e-03
8.778282493352889890e-03
8.904435358941555773e-03
8.766059231013059033e-03
8.580215581692755139e-03
8.268576294183730899e-03
8.173167996108532743e-03
8.322622254490852009e-03
8.087470248341560239e-03
8.049102604389190424e-03
7.657658010721206387e-03
8.056721866130829579e-03
7.825589746236800634e-03
7.861163541674614022e-03
7.259396113455295931e-03
7.323207888752221971e-03
6.967183992266655183e-03
6.929025921970605878e-03
6.632323712110519721e-03
6.538294311612844086e-03
6.342459417879581576e-03
7.001670747995376344e-03
6.474676817655563438e-03
6.136167127639055238e-03
6.207156948745250896e-03
6.335560191422701104e-03
6.183333368971944202e-03
6.028887309134006722e-03
5.804964961484074780e-03
5.866192189976572775e-03
5.466592751443385967e-03
5.443346537649631361e-03
5.454883117228746456e-03
5.450425948947667902e-03
5.228210916742682263e-03
5.228946175426244652e-03
5.676666211336851148e-03
5.199519399553537494e-03
4.874808117747307136e-03
5.352600555866956523e-03
5.451849311590194549e-03
5.136181205511093466e-03
4.800505630671978233e-03
4.449535181745886692e-03
4.571929603815078416e-03
4.615387335419655034e-03
4.386805697344243679e-03
4.302677117288112793e-03
4.535561304539441861e-03
4.513200916349887661e-03
4.343345981091260508e-03
4.147454138845205369e-03
3.964589064940809808e-03
4.446162618696689398e-03
4.202892359346151532e-03
4.157030619680881188e-03
3.945101112127304306e-03
3.788920095190405780e-03
3.781400253996253149e-03
3.623017650097608636e-03
3.621031990274786901e-03
3.686754665337502960e-03
3.406284725293516960e-03
3.547906763851642505e-03
3.751761462539434430e-03
3.637318510562181570e-03
3.352604875341057798e-03
3.361181885004043551e-03
3.297676380723714960e-03
3.233142784796655227e-03
3.134797499515116267e-03
3.260227940045297337e-03
3.040619537234306134e-03
3.024285055696964222e-03
3.185246421024203432e-03
2.870972432196140268e-03
3.212457315996289191e-03
3.048553630709647990e-03
2.883958696387708184e-03
2.754787357524037146e-03
2.879602406173944508e-03
2.649824716150760498e-03
2.602587535977363576e-03
2.584024004638195079e-03
2.750311229377984997e-03
2.480898443609476020e-03
2.724192527122795780e-03
2.672576203942299104e-03
3.037497790530324041e-03
2.528938162140548056e-03
2.332945492118597072e-03
2.537871402688324663e-03
2.455670479685068217e-03
2.316622814629226874e-03
2.353557039983570753e-03
2.608464788645506113e-03
2.369916423223912636e-03
2.348581284284591720e-03
2.383585266768932162e-03
2.378512181341648022e-03
2.280838053673505620e-03
2.575711421668529580e-03
2.192692773416638451e-03
2.323247185908258045e-03
2.075459759682416784e-03
1.960452247411012799e-03
2.101026993244886273e-03
1.981962784193456138e-03
2.070551427081227490e-03
1.948680834844708498e-03
1.823130464181303917e-03
1.904935948085039908e-03
1.837550023570656789e-03
1.753888468258082804e-03
1.939266780391335574e-03
1.858955512754619172e-03
1.745490565896034175e-03
1.834587744437158122e-03
1.731301284860819589e-03
1.813176751136779839e-03
1.913434716872870842e-03
1.824064548593014572e-03
1.786704973317682814e-03
1.713870253413915653e-03
1.692562317475676493e-03
1.763181790709495442e-03
1.934079369530081671e-03
1.579609352163970559e-03
1.789657564833760329e-03
2.206429783254861780e-03
1.531947499141097027e-03
1.514342837966978477e-03
1.446125041693448968e-03
1.654141208156943319e-03
1.552394145168364001e-03
1.447359697893261903e-03
1.503780711442232083e-03
1.556093137711286531e-03
1.498585312627255875e-03
1.442956453189253715e-03
1.480835670605301765e-03
1.297506073489785141e-03
1.569493449293077065e-03
1.375929540488868849e-03
1.630987734533846482e-03
1.509542591869831142e-03
1.674986672587692842e-03
1.534953025169670526e-03
1.408598099835216971e-03
1.360632998403161868e-03
1.438640181906521241e-03
1.189725698437541727e-03
1.290580012835562196e-03
1.506422797217965136e-03
1.334006649442017085e-03
1.240248065441846822e-03
1.220589651260524898e-03
1.145760206505656333e-03
1.207916639745235370e-03
1.174407308921217958e-03
1.227548296563327245e-03
1.263980262447148483e-03
1.222548091318458388e-03
1.087976959533989421e-03
1.049160255119204561e-03
1.183085117489099565e-03
1.217681012116372547e-03
1.313159467652440151e-03
1.154111003968864716e-03
1.115176949650049194e-03
1.078285386320203482e-03
1.024039112962782383e-03
1.279807333368808029e-03
1.067324190400540740e-03
1.019762030337005923e-03
1.087861381005495679e-03
1.152874088846147149e-03
1.136983490549027878e-03
1.463055031839758258e-03
9.660472837276757284e-04
9.812378389760852571e-04
9.955260157585143349e-04
9.425200838595629250e-04
1.031660534441471112e-03
1.044179913587868231e-03
9.724480952136218149e-04
9.978995970450340799e-04
9.741752948611975002e-04
9.661765266209840306e-04
1.026817005127668436e-03
1.003140985965728788e-03
8.946528970263898121e-04
8.223670474253594927e-04
8.692474048584699579e-04
7.813526708632707743e-04
9.778155412059276637e-04
8.474227096885442786e-04
1.057680059224367242e-03
1.020405133254826064e-03
9.542201417498290868e-04
7.785545673687010526e-04
9.134911540895700958e-04
9.421984208747744786e-04
9.705403670668601851e-04
8.724962165579199826e-04
7.329387317877262631e-04
7.904886361211537968e-04
7.546676630154252122e-04
8.248996185138821784e-04
8.896340494975447759e-04
8.050005938857793643e-04
9.260117840021849173e-04
7.379371165297925758e-04
8.330227467231452257e-04
7.286796362604945751e-04
7.886446705088019302e-04
8.212295419070869467e-04
8.003615452907979514e-04
7.298975633457302752e-04
8.150351298972964564e-04
7.965741357766092283e-04
7.242924296297132856e-04
7.543619857169688199e-04
6.894494378939271381e-04
8.771974728442728754e-04
6.804128487128764842e-04
7.807140247896313459e-04
7.447900078259407988e-04
7.206756132654845584e-04
6.734069096855819451e-04
9.002734269015490957e-04
6.494196155108510927e-04
7.322854486992582497e-04
6.073150476440787680e-04
7.860969100147485776e-04
9.372233226895332380e-04
7.314700949937105040e-04
6.379424007609486901e-04
7.598550980910659045e-04
7.169743697158992768e-04
7.661148486658931256e-04
7.232187427580357136e-04
8.729385673068464340e-04
9.383366052061319637e-04
6.073643709532916242e-04
7.947230096906423864e-04
7.492478825151919781e-04
6.587839908897876731e-04
6.190740084275603555e-04
6.617325353436172546e-04
6.628860491327940880e-04
7.087896238081157650e-04
6.863939890172332222e-04
5.946251344867050769e-04
7.108352752402424292e-04
8.692818079143763100e-04
6.740931761451065965e-04
5.021908662747591890e-04
5.491184671409428137e-04
5.529994550161063723e-04
6.817228705622255551e-04
6.177197825163602751e-04
6.058510895818471726e-04
5.567674832418561485e-04
5.601588999852538013e-04
5.429609711281955381e-04
5.495687979273497980e-04
5.404657900799066193e-04
5.235092262737453105e-04
5.407413281500339118e-04
5.413199649192393034e-04
5.086964387446641853e-04
6.322058280929923396e-04
6.122949481941759430e-04
5.492743859067559728e-04
5.900606410577893162e-04
5.855570565909146846e-04
7.153904791921376774e-04
6.179382102563977467e-04
5.984625653363764711e-04
6.227935636416077371e-04
7.503843670710921539e-04
7.445337926037609664e-04
4.899584539234637858e-04
5.167053900659083999e-04
6.131670884788036763e-04
6.734328116290270744e-04
5.721441106870770333e-04
7.056553428992629311e-04
6.876666431780904028e-04
4.703759589465334899e-04
4.632943284232169529e-04
6.511750603094696973e-04
6.770279861520975577e-04
5.034513007849454819e-04
5.182436362374574041e-04
5.793331703171134038e-04
5.826819520443677529e-04
5.445341208251192793e-04
5.427766186185180872e-04
5.553251793608069819e-04
9.518654393032193253e-04
8.160809706896543676e-04
5.189715505111962149e-04
4.204870637040585089e-04
4.452468249946832444e-04
4.243839508853852619e-04
4.926542891189456116e-04
5.016504446975887264e-04
4.870428517460823319e-04
5.225719748996197943e-04
6.040420616045593999e-04
4.558471934869885310e-04
6.642944274935871397e-04
5.647324407473206659e-04
4.874076484702527328e-04
3.933637849986553066e-04
5.204492607153952130e-04
5.368097228929400236e-04
3.983855256810784349e-04
4.317736502271145435e-04
4.207611682359129043e-04
4.931795238517224737e-04
4.656726056709885515e-04
5.477489267941564217e-04
4.709420255385339256e-04
5.070847067981958025e-04
4.185444458853453250e-04
5.194139936938881692e-04
4.852014863863587523e-04
4.585311170667409901e-04
4.882628100458532520e-04
4.534354349598288675e-04
4.078457397408783575e-04
4.751103341113776125e-04
5.231821869965642491e-04
5.241416599601507595e-04
4.074430902255699169e-04
6.412023899611085480e-04
4.129518200643360424e-04
3.995155431330204101e-04
4.082153781200759069e-04
3.804649421945214128e-04
6.352045619860291091e-04
5.242883956525474327e-04
4.383068792521953717e-04
4.022349896840751011e-04
4.212464331649244057e-04
4.093039645813405496e-04
4.791436619125306624e-04
4.588090460747480388e-04
3.236244227737188148e-04
3.627600540639832737e-04
3.978413062868639961e-04
4.856398170813918075e-04
5.999486623331904593e-04
4.524083873257040713e-04
4.461638312786817581e-04
4.403961217030882705e-04
4.359466419555246982e-04
5.977926584891975073e-04
3.342449427582323547e-04
3.844674977008253128e-04
3.996747513301670629e-04
4.208451081067323741e-04
3.827516753226518800e-04
3.565068715251982329e-04
3.534127196762711022e-04
3.621234046295285073e-04
3.995365295559167814e-04
3.352257213555276416e-04
3.093295509461313334e-04
